"","1920","1921","1922","1923","1924","1925","1926","1927","1928","1929","1930","1931","1932","1933","1934","1935","1936","1937","1938","1939","1940","1941","1942","1943","1944","1945","1946","1947","1948","1949","1950","1951","1952","1953","1954","1955","1956","1957","1958","1959","1960","1961","1962","1963","1964","1965","1966","1967","1968","1969","1970","1971","1972","1973","1974","1975","1976","1977","1978","1979","1980","1981","1982","1983","1984","1985","1986","1987","1988","1989","1990","1991","1992","1993","1994","1995","1996","1997","1998","1999","2000"
"1",0.000159673,0.00015671,0.000154077,0.00015179,0.000149854,0.000148239,0.000146907,0.000145825,0,0,0,0,0,0,0,0,0,0,0,0,0,0,0,0,0,0,0,0,0,0,0,0,0,0,0,0,0,0,0,0,0,0,0,0,0,0,0,0,0,0,0,0,0,0,0,0,0,0,0,0,0,0,0,0,0,0,0,0,0,0,0,0,0,0,0,0,0,0,0,0,0
"2",6.81930983209512e-05,6.79605279372183e-05,6.66319645359491e-05,6.50207192370038e-05,6.51610346397295e-05,6.36429913435508e-05,6.30923641901035e-05,6.29556535146448e-05,0,0,0,0,0,0,0,0,0,0,0,0,0,0,0,0,0,0,0,0,0,0,0,0,0,0,0,0,0,0,0,0,0,0,0,0,0,0,0,0,0,0,0,0,0,0,0,0,0,0,0,0,0,0,0,0,0,0,0,0,0,0,0,0,0,0,0,0,0,0,0,0,0
"3",8.53406365484608e-05,8.51425355639556e-05,8.33993712013115e-05,8.13864180723442e-05,8.15733342844191e-05,7.97016838813888e-05,7.90080278800734e-05,7.87952527702979e-05,0,0,0,0,0,0,0,0,0,0,0,0,0,0,0,0,0,0,0,0,0,0,0,0,0,0,0,0,0,0,0,0,0,0,0,0,0,0,0,0,0,0,0,0,0,0,0,0,0,0,0,0,0,0,0,0,0,0,0,0,0,0,0,0,0,0,0,0,0,0,0,0,0
"4",0.000106679055561756,0.000106200099938147,0.000104073243993656,0.000101599884608108,0.000101868108887335,9.94549639711152e-05,9.86061022734622e-05,9.83911867734666e-05,0,0,0,0,0,0,0,0,0,0,0,0,0,0,0,0,0,0,0,0,0,0,0,0,0,0,0,0,0,0,0,0,0,0,0,0,0,0,0,0,0,0,0,0,0,0,0,0,0,0,0,0,0,0,0,0,0,0,0,0,0,0,0,0,0,0,0,0,0,0,0,0,0
"5",0.00013263316844437,0.000132082793019077,0.000129387615773279,0.000126243382275252,0.000126541815732361,0.000123697552849733,0.000122547619784247,0.000122353743693974,0,0,0,0,0,0,0,0,0,0,0,0,0,0,0,0,0,0,0,0,0,0,0,0,0,0,0,0,0,0,0,0,0,0,0,0,0,0,0,0,0,0,0,0,0,0,0,0,0,0,0,0,0,0,0,0,0,0,0,0,0,0,0,0,0,0,0,0,0,0,0,0,0
"6",0.000163897004427429,0.000162988136352284,0.000159703824882655,0.000155941887407692,0.000156228916405649,0.00015273490621134,0.000151362375588451,0.000151076964722798,0,0,0,0,0,0,0,0,0,0,0,0,0,0,0,0,0,0,0,0,0,0,0,0,0,0,0,0,0,0,0,0,0,0,0,0,0,0,0,0,0,0,0,0,0,0,0,0,0,0,0,0,0,0,0,0,0,0,0,0,0,0,0,0,0,0,0,0,0,0,0,0,0
"7",0.000200627165141962,0.000199604457875956,0.000195417931198523,0.000190907853773021,0.000191451714183411,0.0001869487178949,0.000185310553161498,0.000184961792448729,0,0,0,0,0,0,0,0,0,0,0,0,0,0,0,0,0,0,0,0,0,0,0,0,0,0,0,0,0,0,0,0,0,0,0,0,0,0,0,0,0,0,0,0,0,0,0,0,0,0,0,0,0,0,0,0,0,0,0,0,0,0,0,0,0,0,0,0,0,0,0,0,0
"8",0.000243543463652416,0.000242023048170279,0.000236939598315964,0.000231648485003017,0.000232126053051315,0.000226832143874913,0.000224816705142524,0.000224467597494215,0,0,0,0,0,0,0,0,0,0,0,0,0,0,0,0,0,0,0,0,0,0,0,0,0,0,0,0,0,0,0,0,0,0,0,0,0,0,0,0,0,0,0,0,0,0,0,0,0,0,0,0,0,0,0,0,0,0,0,0,0,0,0,0,0,0,0,0,0,0,0,0,0
"9",0.00029263686095218,0.000290777103687861,0.000284583354236857,0.000278484998407854,0.000278883676177829,0.000272786335887061,0.000270144259035529,0.000269960528470962,0,0,0,0,0,0,0,0,0,0,0,0,0,0,0,0,0,0,0,0,0,0,0,0,0,0,0,0,0,0,0,0,0,0,0,0,0,0,0,0,0,0,0,0,0,0,0,0,0,0,0,0,0,0,0,0,0,0,0,0,0,0,0,0,0,0,0,0,0,0,0,0,0
"10",0.000348723046937953,0.000346347593063466,0.0003388764045131,0.000331438527923857,0.000332371683231019,0.000325189704246918,0.00032208141328954,0.000321603433406723,0,0,0,0,0,0,0,0,0,0,0,0,0,0,0,0,0,0,0,0,0,0,0,0,0,0,0,0,0,0,0,0,0,0,0,0,0,0,0,0,0,0,0,0,0,0,0,0,0,0,0,0,0,0,0,0,0,0,0,0,0,0,0,0,0,0,0,0,0,0,0,0,0
"11",0.000399837177526152,0.000396682193455088,0.000388553316649356,0.000379832944485777,0.00038114376964142,0.000372844539885177,0.000369251847987041,0.000368653087377937,0,0,0,0,0,0,0,0,0,0,0,0,0,0,0,0,0,0,0,0,0,0,0,0,0,0,0,0,0,0,0,0,0,0,0,0,0,0,0,0,0,0,0,0,0,0,0,0,0,0,0,0,0,0,0,0,0,0,0,0,0,0,0,0,0,0,0,0,0,0,0,0,0
"12",0.000454482604472602,0.000450460871315091,0.000441449808499669,0.00043132044482286,0.000432964093712646,0.000423134308076498,0.000419336683589628,0.000418885832853574,0,0,0,0,0,0,0,0,0,0,0,0,0,0,0,0,0,0,0,0,0,0,0,0,0,0,0,0,0,0,0,0,0,0,0,0,0,0,0,0,0,0,0,0,0,0,0,0,0,0,0,0,0,0,0,0,0,0,0,0,0,0,0,0,0,0,0,0,0,0,0,0,0
"13",0.000512320049803175,0.000507634406235325,0.000497299789831091,0.000485983635584114,0.000487418013110191,0.000476677075770156,0.000472479902597838,0.000472102407475424,0,0,0,0,0,0,0,0,0,0,0,0,0,0,0,0,0,0,0,0,0,0,0,0,0,0,0,0,0,0,0,0,0,0,0,0,0,0,0,0,0,0,0,0,0,0,0,0,0,0,0,0,0,0,0,0,0,0,0,0,0,0,0,0,0,0,0,0,0,0,0,0,0
"14",0.000572635574862945,0.000567756748375014,0.000555880848177538,0.00054340761421265,0.000545215961757581,0.000533382068598559,0.000528915694107043,0.000528438464626496,0,0,0,0,0,0,0,0,0,0,0,0,0,0,0,0,0,0,0,0,0,0,0,0,0,0,0,0,0,0,0,0,0,0,0,0,0,0,0,0,0,0,0,0,0,0,0,0,0,0,0,0,0,0,0,0,0,0,0,0,0,0,0,0,0,0,0,0,0,0,0,0,0
"15",0.000636002478042502,0.000630396896391513,0.000617682283091186,0.000603658144316805,0.000605347059172417,0.000591903229907977,0.000587606619723055,0.000586290364458663,0,0,0,0,0,0,0,0,0,0,0,0,0,0,0,0,0,0,0,0,0,0,0,0,0,0,0,0,0,0,0,0,0,0,0,0,0,0,0,0,0,0,0,0,0,0,0,0,0,0,0,0,0,0,0,0,0,0,0,0,0,0,0,0,0,0,0,0,0,0,0,0,0
"16",0.000702276370631613,0.000695663021276106,0.000680708882353953,0.000665829990752488,0.000667769306085681,0.000653113046998207,0.000647955257104816,0.000647071248583443,0,0,0,0,0,0,0,0,0,0,0,0,0,0,0,0,0,0,0,0,0,0,0,0,0,0,0,0,0,0,0,0,0,0,0,0,0,0,0,0,0,0,0,0,0,0,0,0,0,0,0,0,0,0,0,0,0,0,0,0,0,0,0,0,0,0,0,0,0,0,0,0,0
"17",0.000770138114461344,0.000764077519385334,0.000746226656815663,0.000731042294548413,0.000732362841302554,0.000716267712210622,0.000711279001904829,0.000709712360856143,0,0,0,0,0,0,0,0,0,0,0,0,0,0,0,0,0,0,0,0,0,0,0,0,0,0,0,0,0,0,0,0,0,0,0,0,0,0,0,0,0,0,0,0,0,0,0,0,0,0,0,0,0,0,0,0,0,0,0,0,0,0,0,0,0,0,0,0,0,0,0,0,0
"18",0.000841042242147084,0.000833609011695482,0.00081392172465478,0.000797710420925753,0.000799383483974398,0.000781282849755133,0.000775384044585222,0.000773472693710119,0,0,0,0,0,0,0,0,0,0,0,0,0,0,0,0,0,0,0,0,0,0,0,0,0,0,0,0,0,0,0,0,0,0,0,0,0,0,0,0,0,0,0,0,0,0,0,0,0,0,0,0,0,0,0,0,0,0,0,0,0,0,0,0,0,0,0,0,0,0,0,0,0
"19",0.000912542640512435,0.000905159103543374,0.000884049415576193,0.000866193887105898,0.000867990717345287,0.000848391750952053,0.000841549493975904,0.000839814429319243,0,0,0,0,0,0,0,0,0,0,0,0,0,0,0,0,0,0,0,0,0,0,0,0,0,0,0,0,0,0,0,0,0,0,0,0,0,0,0,0,0,0,0,0,0,0,0,0,0,0,0,0,0,0,0,0,0,0,0,0,0,0,0,0,0,0,0,0,0,0,0,0,0
"20",0.000987080937038393,0.000978300194900547,0.000955946346968813,0.000936772707442258,0.000938217031578947,0.000916645501630707,0.000909149428020118,0.000907807318940361,0,0,0,0,0,0,0,0,0,0,0,0,0,0,0,0,0,0,0,0,0,0,0,0,0,0,0,0,0,0,0,0,0,0,0,0,0,0,0,0,0,0,0,0,0,0,0,0,0,0,0,0,0,0,0,0,0,0,0,0,0,0,0,0,0,0,0,0,0,0,0,0,0
"21",0.00106075761588889,0.00105096409941302,0.00102590753696947,0.00100606786022869,0.00100800561485749,0.000984991170449168,0.000976606612624775,0.000974701309416426,0,0,0,0,0,0,0,0,0,0,0,0,0,0,0,0,0,0,0,0,0,0,0,0,0,0,0,0,0,0,0,0,0,0,0,0,0,0,0,0,0,0,0,0,0,0,0,0,0,0,0,0,0,0,0,0,0,0,0,0,0,0,0,0,0,0,0,0,0,0,0,0,0
"22",0.00113433227133972,0.00112375795640628,0.00109748008859489,0.001076772007387,0.00107813962526618,0.00105376116856583,0.00104594033196099,0.00104390218157162,0,0,0,0,0,0,0,0,0,0,0,0,0,0,0,0,0,0,0,0,0,0,0,0,0,0,0,0,0,0,0,0,0,0,0,0,0,0,0,0,0,0,0,0,0,0,0,0,0,0,0,0,0,0,0,0,0,0,0,0,0,0,0,0,0,0,0,0,0,0,0,0,0
"23",0.00120920225037249,0.00119863020322757,0.00117001065750769,0.00114775163783275,0.00114889607931711,0.0011242601171432,0.00111493173334064,0.00111315674385587,0,0,0,0,0,0,0,0,0,0,0,0,0,0,0,0,0,0,0,0,0,0,0,0,0,0,0,0,0,0,0,0,0,0,0,0,0,0,0,0,0,0,0,0,0,0,0,0,0,0,0,0,0,0,0,0,0,0,0,0,0,0,0,0,0,0,0,0,0,0,0,0,0
"24",0.00128552615049455,0.00127261017056196,0.00124324509535852,0.00122010066909374,0.00121998241110026,0.00119383805860633,0.00118544954685588,0.0011832566479202,0,0,0,0,0,0,0,0,0,0,0,0,0,0,0,0,0,0,0,0,0,0,0,0,0,0,0,0,0,0,0,0,0,0,0,0,0,0,0,0,0,0,0,0,0,0,0,0,0,0,0,0,0,0,0,0,0,0,0,0,0,0,0,0,0,0,0,0,0,0,0,0,0
"25",0.00137589300572906,0.00136324260380743,0.00133030430676949,0.00130572274534082,0.00130762449446804,0.00127859368711393,0.00126858100809699,0.00126628874288738,0,0,0,0,0,0,0,0,0,0,0,0,0,0,0,0,0,0,0,0,0,0,0,0,0,0,0,0,0,0,0,0,0,0,0,0,0,0,0,0,0,0,0,0,0,0,0,0,0,0,0,0,0,0,0,0,0,0,0,0,0,0,0,0,0,0,0,0,0,0,0,0,0
"26",0.00145022764403123,0.00143850584234763,0.00140314833517653,0.00137814149627289,0.00137838600281442,0.00134776575068902,0.00133848790451846,0.00133619094209381,0,0,0,0,0,0,0,0,0,0,0,0,0,0,0,0,0,0,0,0,0,0,0,0,0,0,0,0,0,0,0,0,0,0,0,0,0,0,0,0,0,0,0,0,0,0,0,0,0,0,0,0,0,0,0,0,0,0,0,0,0,0,0,0,0,0,0,0,0,0,0,0,0
"27",0.00152661972760913,0.00151534392995193,0.00147646596149386,0.00145185352939628,0.00144935372355264,0.00141764347507186,0.00140840188105699,0.00140543262782576,0,0,0,0,0,0,0,0,0,0,0,0,0,0,0,0,0,0,0,0,0,0,0,0,0,0,0,0,0,0,0,0,0,0,0,0,0,0,0,0,0,0,0,0,0,0,0,0,0,0,0,0,0,0,0,0,0,0,0,0,0,0,0,0,0,0,0,0,0,0,0,0,0
"28",0.00160497607904514,0.00159137336974834,0.00155146334235543,0.0015261278800954,0.00152254423228188,0.00149054664609118,0.00147872139323284,0.00147639377981128,0,0,0,0,0,0,0,0,0,0,0,0,0,0,0,0,0,0,0,0,0,0,0,0,0,0,0,0,0,0,0,0,0,0,0,0,0,0,0,0,0,0,0,0,0,0,0,0,0,0,0,0,0,0,0,0,0,0,0,0,0,0,0,0,0,0,0,0,0,0,0,0,0
"29",0.00168600634603287,0.00167187319090073,0.00162906000832604,0.00160306774419708,0.00159831387777631,0.00156565160449905,0.00155274939291013,0.00154921722145787,0,0,0,0,0,0,0,0,0,0,0,0,0,0,0,0,0,0,0,0,0,0,0,0,0,0,0,0,0,0,0,0,0,0,0,0,0,0,0,0,0,0,0,0,0,0,0,0,0,0,0,0,0,0,0,0,0,0,0,0,0,0,0,0,0,0,0,0,0,0,0,0,0
"30",0.00176942708622941,0.00175438312727242,0.00171048137952454,0.00168382307516897,0.00167707389761869,0.00164297503364346,0.00163054031968049,0.00162567213455322,0,0,0,0,0,0,0,0,0,0,0,0,0,0,0,0,0,0,0,0,0,0,0,0,0,0,0,0,0,0,0,0,0,0,0,0,0,0,0,0,0,0,0,0,0,0,0,0,0,0,0,0,0,0,0,0,0,0,0,0,0,0,0,0,0,0,0,0,0,0,0,0,0
"31",0.00185682087529831,0.00184019708684235,0.00179334475809928,0.00176635969346229,0.00175650622640045,0.00172212276981643,0.00171006212030506,0.0017036194052704,0,0,0,0,0,0,0,0,0,0,0,0,0,0,0,0,0,0,0,0,0,0,0,0,0,0,0,0,0,0,0,0,0,0,0,0,0,0,0,0,0,0,0,0,0,0,0,0,0,0,0,0,0,0,0,0,0,0,0,0,0,0,0,0,0,0,0,0,0,0,0,0,0
"32",0.00195209033505575,0.00193253567207915,0.00188298155421471,0.00185464269363147,0.00184376455667989,0.00180791576744802,0.00179543228273548,0.00178729928172719,0,0,0,0,0,0,0,0,0,0,0,0,0,0,0,0,0,0,0,0,0,0,0,0,0,0,0,0,0,0,0,0,0,0,0,0,0,0,0,0,0,0,0,0,0,0,0,0,0,0,0,0,0,0,0,0,0,0,0,0,0,0,0,0,0,0,0,0,0,0,0,0,0
"33",0.00205091966909282,0.00203066192023026,0.00197845602322046,0.00194817359447317,0.00193774975405998,0.00189915671718595,0.00188605518447085,0.00187867644157156,0,0,0,0,0,0,0,0,0,0,0,0,0,0,0,0,0,0,0,0,0,0,0,0,0,0,0,0,0,0,0,0,0,0,0,0,0,0,0,0,0,0,0,0,0,0,0,0,0,0,0,0,0,0,0,0,0,0,0,0,0,0,0,0,0,0,0,0,0,0,0,0,0
"34",0.0021579202954313,0.0021377671862013,0.00208021680070958,0.00204773383283406,0.00203895380187684,0.00199645078868731,0.00198363456918028,0.00197462033820384,0,0,0,0,0,0,0,0,0,0,0,0,0,0,0,0,0,0,0,0,0,0,0,0,0,0,0,0,0,0,0,0,0,0,0,0,0,0,0,0,0,0,0,0,0,0,0,0,0,0,0,0,0,0,0,0,0,0,0,0,0,0,0,0,0,0,0,0,0,0,0,0,0
"35",0.00227285191647866,0.00224671685225313,0.002188404881372,0.00215423996481356,0.00214516974880828,0.00209786044906215,0.00208534532316891,0.00207983986267618,0,0,0,0,0,0,0,0,0,0,0,0,0,0,0,0,0,0,0,0,0,0,0,0,0,0,0,0,0,0,0,0,0,0,0,0,0,0,0,0,0,0,0,0,0,0,0,0,0,0,0,0,0,0,0,0,0,0,0,0,0,0,0,0,0,0,0,0,0,0,0,0,0
"36",0.0023907026675059,0.00236388289010271,0.00230825884641139,0.00226762820935483,0.00225607138702803,0.00220735697327139,0.00219291610278373,0.002187536478643,0,0,0,0,0,0,0,0,0,0,0,0,0,0,0,0,0,0,0,0,0,0,0,0,0,0,0,0,0,0,0,0,0,0,0,0,0,0,0,0,0,0,0,0,0,0,0,0,0,0,0,0,0,0,0,0,0,0,0,0,0,0,0,0,0,0,0,0,0,0,0,0,0
"37",0.00251543652356518,0.00248777016436851,0.00242895151294097,0.00238501458023748,0.00237086471864956,0.00232127056085796,0.00230454328000911,0.00230009964060701,0,0,0,0,0,0,0,0,0,0,0,0,0,0,0,0,0,0,0,0,0,0,0,0,0,0,0,0,0,0,0,0,0,0,0,0,0,0,0,0,0,0,0,0,0,0,0,0,0,0,0,0,0,0,0,0,0,0,0,0,0,0,0,0,0,0,0,0,0,0,0,0,0
"38",0.00264425600092188,0.00261408511692521,0.00255456171173051,0.0025066534345019,0.0024905248162808,0.00244107000370352,0.00241930433466638,0.00241803225698653,0,0,0,0,0,0,0,0,0,0,0,0,0,0,0,0,0,0,0,0,0,0,0,0,0,0,0,0,0,0,0,0,0,0,0,0,0,0,0,0,0,0,0,0,0,0,0,0,0,0,0,0,0,0,0,0,0,0,0,0,0,0,0,0,0,0,0,0,0,0,0,0,0
"39",0.0027769829149066,0.00274316194333418,0.00268747730291766,0.0026309357746002,0.0026187761569142,0.00256457499286114,0.00254066865203045,0.00253833999645704,0,0,0,0,0,0,0,0,0,0,0,0,0,0,0,0,0,0,0,0,0,0,0,0,0,0,0,0,0,0,0,0,0,0,0,0,0,0,0,0,0,0,0,0,0,0,0,0,0,0,0,0,0,0,0,0,0,0,0,0,0,0,0,0,0,0,0,0,0,0,0,0,0
"40",0.0029170160224756,0.00287860811520308,0.00282441967788232,0.00276132564259121,0.00274952610084277,0.00269193655208796,0.00266743844391374,0.00266632102871033,0,0,0,0,0,0,0,0,0,0,0,0,0,0,0,0,0,0,0,0,0,0,0,0,0,0,0,0,0,0,0,0,0,0,0,0,0,0,0,0,0,0,0,0,0,0,0,0,0,0,0,0,0,0,0,0,0,0,0,0,0,0,0,0,0,0,0,0,0,0,0,0,0
"41",0.00306070151903781,0.00302523681246091,0.00296271055129312,0.00289893930110281,0.00289075672900996,0.00283010665370127,0.00280157672872639,0.00280136763841091,0,0,0,0,0,0,0,0,0,0,0,0,0,0,0,0,0,0,0,0,0,0,0,0,0,0,0,0,0,0,0,0,0,0,0,0,0,0,0,0,0,0,0,0,0,0,0,0,0,0,0,0,0,0,0,0,0,0,0,0,0,0,0,0,0,0,0,0,0,0,0,0,0
"42",0.00321691278946998,0.00317387210359277,0.00311127384458495,0.00304309003228723,0.00303560836367284,0.00297553114659371,0.00293998738770654,0.00294228215731522,0,0,0,0,0,0,0,0,0,0,0,0,0,0,0,0,0,0,0,0,0,0,0,0,0,0,0,0,0,0,0,0,0,0,0,0,0,0,0,0,0,0,0,0,0,0,0,0,0,0,0,0,0,0,0,0,0,0,0,0,0,0,0,0,0,0,0,0,0,0,0,0,0
"43",0.00338279392212101,0.00333509765140465,0.00326994925338129,0.00319898193098526,0.00318669489273142,0.00312452799659299,0.00308498021676913,0.00309187433047968,0,0,0,0,0,0,0,0,0,0,0,0,0,0,0,0,0,0,0,0,0,0,0,0,0,0,0,0,0,0,0,0,0,0,0,0,0,0,0,0,0,0,0,0,0,0,0,0,0,0,0,0,0,0,0,0,0,0,0,0,0,0,0,0,0,0,0,0,0,0,0,0,0
"44",0.00355911597628333,0.00350587166953636,0.00344271812294927,0.00336093354923135,0.00334817567853912,0.00328415456184172,0.00323870677953774,0.00324874669806844,0,0,0,0,0,0,0,0,0,0,0,0,0,0,0,0,0,0,0,0,0,0,0,0,0,0,0,0,0,0,0,0,0,0,0,0,0,0,0,0,0,0,0,0,0,0,0,0,0,0,0,0,0,0,0,0,0,0,0,0,0,0,0,0,0,0,0,0,0,0,0,0,0
"45",0.00373922396514087,0.00368583115257535,0.00361709889835582,0.00353658675746842,0.00351556736209704,0.00345279087606532,0.00341332445871676,0.00341148262534791,0,0,0,0,0,0,0,0,0,0,0,0,0,0,0,0,0,0,0,0,0,0,0,0,0,0,0,0,0,0,0,0,0,0,0,0,0,0,0,0,0,0,0,0,0,0,0,0,0,0,0,0,0,0,0,0,0,0,0,0,0,0,0,0,0,0,0,0,0,0,0,0,0
"46",0.00392822109938167,0.00386775679089262,0.00379968369383714,0.00371649197157188,0.0036926369158991,0.00363510865330824,0.00359369839240585,0.00357762232331675,0,0,0,0,0,0,0,0,0,0,0,0,0,0,0,0,0,0,0,0,0,0,0,0,0,0,0,0,0,0,0,0,0,0,0,0,0,0,0,0,0,0,0,0,0,0,0,0,0,0,0,0,0,0,0,0,0,0,0,0,0,0,0,0,0,0,0,0,0,0,0,0,0
"47",0.00412090699020915,0.00406528502655728,0.00399742003278064,0.00390051209095394,0.00387814907802117,0.0038108875255499,0.00377899650541648,0.00374823496653135,0,0,0,0,0,0,0,0,0,0,0,0,0,0,0,0,0,0,0,0,0,0,0,0,0,0,0,0,0,0,0,0,0,0,0,0,0,0,0,0,0,0,0,0,0,0,0,0,0,0,0,0,0,0,0,0,0,0,0,0,0,0,0,0,0,0,0,0,0,0,0,0,0
"48",0.00431845463994407,0.00426889211647276,0.00418852589128417,0.00408977513888618,0.00406435888026497,0.00400393322864621,0.00396805146584713,0.00393074471887785,0,0,0,0,0,0,0,0,0,0,0,0,0,0,0,0,0,0,0,0,0,0,0,0,0,0,0,0,0,0,0,0,0,0,0,0,0,0,0,0,0,0,0,0,0,0,0,0,0,0,0,0,0,0,0,0,0,0,0,0,0,0,0,0,0,0,0,0,0,0,0,0,0
"49",0.00453986549602445,0.0044847089213894,0.00439565405137367,0.00429450171443232,0.00425596478730639,0.00419866603477285,0.00417001624746913,0.00411747912379347,0,0,0,0,0,0,0,0,0,0,0,0,0,0,0,0,0,0,0,0,0,0,0,0,0,0,0,0,0,0,0,0,0,0,0,0,0,0,0,0,0,0,0,0,0,0,0,0,0,0,0,0,0,0,0,0,0,0,0,0,0,0,0,0,0,0,0,0,0,0,0,0,0
"50",0.00474944531257335,0.00469275309419364,0.00460024695358608,0.00450396683737916,0.0044491569885452,0.00439129816151189,0.00436360385456611,0.00430832144427183,0,0,0,0,0,0,0,0,0,0,0,0,0,0,0,0,0,0,0,0,0,0,0,0,0,0,0,0,0,0,0,0,0,0,0,0,0,0,0,0,0,0,0,0,0,0,0,0,0,0,0,0,0,0,0,0,0,0,0,0,0,0,0,0,0,0,0,0,0,0,0,0,0
"51",0.00496900480588885,0.00489482882683496,0.00480184140147596,0.00470493954353739,0.00464423420414929,0.00457695689375465,0.00455879927079958,0.0045065089112737,0,0,0,0,0,0,0,0,0,0,0,0,0,0,0,0,0,0,0,0,0,0,0,0,0,0,0,0,0,0,0,0,0,0,0,0,0,0,0,0,0,0,0,0,0,0,0,0,0,0,0,0,0,0,0,0,0,0,0,0,0,0,0,0,0,0,0,0,0,0,0,0,0
"52",0.00517596562887624,0.00509577486902309,0.0050010063453932,0.00488650910963487,0.00484203284939908,0.0047626425215311,0.00474386150673515,0.00468801884341534,0,0,0,0,0,0,0,0,0,0,0,0,0,0,0,0,0,0,0,0,0,0,0,0,0,0,0,0,0,0,0,0,0,0,0,0,0,0,0,0,0,0,0,0,0,0,0,0,0,0,0,0,0,0,0,0,0,0,0,0,0,0,0,0,0,0,0,0,0,0,0,0,0
"53",0.00537882201535362,0.00529501689087767,0.00518485218443041,0.00506494989853389,0.00500333045910143,0.00491817805608032,0.00491924144955153,0.00483754813366616,0,0,0,0,0,0,0,0,0,0,0,0,0,0,0,0,0,0,0,0,0,0,0,0,0,0,0,0,0,0,0,0,0,0,0,0,0,0,0,0,0,0,0,0,0,0,0,0,0,0,0,0,0,0,0,0,0,0,0,0,0,0,0,0,0,0,0,0,0,0,0,0,0
"54",0.00554051654496844,0.00545976094830552,0.00533514922982031,0.0052217727879155,0.00516120866901516,0.00507351559033079,0.00505773367803475,0.00497093333913422,0,0,0,0,0,0,0,0,0,0,0,0,0,0,0,0,0,0,0,0,0,0,0,0,0,0,0,0,0,0,0,0,0,0,0,0,0,0,0,0,0,0,0,0,0,0,0,0,0,0,0,0,0,0,0,0,0,0,0,0,0,0,0,0,0,0,0,0,0,0,0,0,0
"55",0.00567922985124163,0.00556751288406855,0.00544470293858118,0.00535446717339667,0.00527868361536753,0.00520722807805796,0.00517855995640517,0.00509749187896708,0,0,0,0,0,0,0,0,0,0,0,0,0,0,0,0,0,0,0,0,0,0,0,0,0,0,0,0,0,0,0,0,0,0,0,0,0,0,0,0,0,0,0,0,0,0,0,0,0,0,0,0,0,0,0,0,0,0,0,0,0,0,0,0,0,0,0,0,0,0,0,0,0
"56",0.00579829681697182,0.00565585708301569,0.00552058481439072,0.00544230278656748,0.00534211809102999,0.00529326060016031,0.00525330488547906,0.00516938643683274,0,0,0,0,0,0,0,0,0,0,0,0,0,0,0,0,0,0,0,0,0,0,0,0,0,0,0,0,0,0,0,0,0,0,0,0,0,0,0,0,0,0,0,0,0,0,0,0,0,0,0,0,0,0,0,0,0,0,0,0,0,0,0,0,0,0,0,0,0,0,0,0,0
"57",0.00583466034224599,0.00572416970415913,0.00557504,0.00549478302556773,0.00539362927410208,0.00534308737936199,0.00533122308599814,0.00519512667535099,0,0,0,0,0,0,0,0,0,0,0,0,0,0,0,0,0,0,0,0,0,0,0,0,0,0,0,0,0,0,0,0,0,0,0,0,0,0,0,0,0,0,0,0,0,0,0,0,0,0,0,0,0,0,0,0,0,0,0,0,0,0,0,0,0,0,0,0,0,0,0,0,0
"58",0.00588751598690086,0.00575483562738209,0.00560374239121572,0.00552888281717649,0.00540677195595362,0.00535011246031746,0.0053467782001782,0.00520712779764304,0,0,0,0,0,0,0,0,0,0,0,0,0,0,0,0,0,0,0,0,0,0,0,0,0,0,0,0,0,0,0,0,0,0,0,0,0,0,0,0,0,0,0,0,0,0,0,0,0,0,0,0,0,0,0,0,0,0,0,0,0,0,0,0,0,0,0,0,0,0,0,0,0
"59",0.00592105474528138,0.00574870059747774,0.00557695616691173,0.00558871393187595,0.00541410388773852,0.0053531215426931,0.00533805130740543,0.00523348704535181,0,0,0,0,0,0,0,0,0,0,0,0,0,0,0,0,0,0,0,0,0,0,0,0,0,0,0,0,0,0,0,0,0,0,0,0,0,0,0,0,0,0,0,0,0,0,0,0,0,0,0,0,0,0,0,0,0,0,0,0,0,0,0,0,0,0,0,0,0,0,0,0,0
"60",0.00597756872683802,0.00571632997183099,0.00557732487541742,0.0056402980375562,0.00539577030698574,0.00536887124517713,0.00528931866125761,0.00522381815246223,0,0,0,0,0,0,0,0,0,0,0,0,0,0,0,0,0,0,0,0,0,0,0,0,0,0,0,0,0,0,0,0,0,0,0,0,0,0,0,0,0,0,0,0,0,0,0,0,0,0,0,0,0,0,0,0,0,0,0,0,0,0,0,0,0,0,0,0,0,0,0,0,0
"61",0.00594473166472643,0.00564994810790971,0.0055984333781965,0.00566234147192187,0.00539599763556116,0.00534374054377461,0.00528184623409293,0.00522913828210031,0,0,0,0,0,0,0,0,0,0,0,0,0,0,0,0,0,0,0,0,0,0,0,0,0,0,0,0,0,0,0,0,0,0,0,0,0,0,0,0,0,0,0,0,0,0,0,0,0,0,0,0,0,0,0,0,0,0,0,0,0,0,0,0,0,0,0,0,0,0,0,0,0
"62",0.00606766372391653,0.00579341346447013,0.00571535185015989,0.00578535317387305,0.00549139845381088,0.00545292570360165,0.00538488865831843,0.00535446877270006,0,0,0,0,0,0,0,0,0,0,0,0,0,0,0,0,0,0,0,0,0,0,0,0,0,0,0,0,0,0,0,0,0,0,0,0,0,0,0,0,0,0,0,0,0,0,0,0,0,0,0,0,0,0,0,0,0,0,0,0,0,0,0,0,0,0,0,0,0,0,0,0,0
"63",0.00615695322058294,0.0059270953689912,0.00585595888436227,0.00583449437776374,0.00557722271399943,0.00553361369283637,0.00547481130342448,0.00546993875205255,0,0,0,0,0,0,0,0,0,0,0,0,0,0,0,0,0,0,0,0,0,0,0,0,0,0,0,0,0,0,0,0,0,0,0,0,0,0,0,0,0,0,0,0,0,0,0,0,0,0,0,0,0,0,0,0,0,0,0,0,0,0,0,0,0,0,0,0,0,0,0,0,0
"64",0.00626709825,0.00594382990958409,0.00597490712530712,0.0059326599749059,0.00564133246549795,0.0055265256981383,0.00555071629692256,0.00562874342549923,0,0,0,0,0,0,0,0,0,0,0,0,0,0,0,0,0,0,0,0,0,0,0,0,0,0,0,0,0,0,0,0,0,0,0,0,0,0,0,0,0,0,0,0,0,0,0,0,0,0,0,0,0,0,0,0,0,0,0,0,0,0,0,0,0,0,0,0,0,0,0,0,0
"65",0.00637766759581882,0.00602594022551929,0.00605538408602151,0.00598479741100324,0.00577923194574857,0.00559723545454545,0.00564713546275395,0.00565373501489573,0,0,0,0,0,0,0,0,0,0,0,0,0,0,0,0,0,0,0,0,0,0,0,0,0,0,0,0,0,0,0,0,0,0,0,0,0,0,0,0,0,0,0,0,0,0,0,0,0,0,0,0,0,0,0,0,0,0,0,0,0,0,0,0,0,0,0,0,0,0,0,0,0
"66",0.00641592930232558,0.0061291087,0.0061471323297491,0.00604044996451384,0.00583642790264853,0.00566992682408501,0.00577026088178914,0.00566322984820886,0,0,0,0,0,0,0,0,0,0,0,0,0,0,0,0,0,0,0,0,0,0,0,0,0,0,0,0,0,0,0,0,0,0,0,0,0,0,0,0,0,0,0,0,0,0,0,0,0,0,0,0,0,0,0,0,0,0,0,0,0,0,0,0,0,0,0,0,0,0,0,0,0
"67",0.00642330125786164,0.00614535313705584,0.00618510468899522,0.00608582305529522,0.00587386526315789,0.00572393116410671,0.00584090625641026,0.00572287937007874,0,0,0,0,0,0,0,0,0,0,0,0,0,0,0,0,0,0,0,0,0,0,0,0,0,0,0,0,0,0,0,0,0,0,0,0,0,0,0,0,0,0,0,0,0,0,0,0,0,0,0,0,0,0,0,0,0,0,0,0,0,0,0,0,0,0,0,0,0,0,0,0,0
"68",0.00637075354330709,0.00619457064827586,0.00621917408450704,0.006146829,0.0059204263902439,0.00591884456353591,0.00586826413114754,0.00574769797959184,0,0,0,0,0,0,0,0,0,0,0,0,0,0,0,0,0,0,0,0,0,0,0,0,0,0,0,0,0,0,0,0,0,0,0,0,0,0,0,0,0,0,0,0,0,0,0,0,0,0,0,0,0,0,0,0,0,0,0,0,0,0,0,0,0,0,0,0,0,0,0,0,0
"69",0.00648112613636364,0.00637861224,0.00621659885714286,0.00620108852459016,0.00592287487096774,0.00598104588571429,0.00584016124285714,0.00576829904761905,0,0,0,0,0,0,0,0,0,0,0,0,0,0,0,0,0,0,0,0,0,0,0,0,0,0,0,0,0,0,0,0,0,0,0,0,0,0,0,0,0,0,0,0,0,0,0,0,0,0,0,0,0,0,0,0,0,0,0,0,0,0,0,0,0,0,0,0,0,0,0,0,0
"70",0.00643679558823529,0.00633750410526316,0.00624707238095238,0.00623944577319588,0.00597507648,0.00603381982,0.00604002806060606,0.00585140166101695,0,0,0,0,0,0,0,0,0,0,0,0,0,0,0,0,0,0,0,0,0,0,0,0,0,0,0,0,0,0,0,0,0,0,0,0,0,0,0,0,0,0,0,0,0,0,0,0,0,0,0,0,0,0,0,0,0,0,0,0,0,0,0,0,0,0,0,0,0,0,0,0,0
"71",0.00649650612244898,0.00638598067924528,0.00639944,0.00630444,0.00605582075675676,0.00607261709589041,0.006101661,0.00592212035555556,0,0,0,0,0,0,0,0,0,0,0,0,0,0,0,0,0,0,0,0,0,0,0,0,0,0,0,0,0,0,0,0,0,0,0,0,0,0,0,0,0,0,0,0,0,0,0,0,0,0,0,0,0,0,0,0,0,0,0,0,0,0,0,0,0,0,0,0,0,0,0,0,0
"72",0.00647009756097561,0.006508788,0.00639944,0.00630444,0.006224038,0.006156959,0.006101661,0.006056714,0,0,0,0,0,0,0,0,0,0,0,0,0,0,0,0,0,0,0,0,0,0,0,0,0,0,0,0,0,0,0,0,0,0,0,0,0,0,0,0,0,0,0,0,0,0,0,0,0,0,0,0,0,0,0,0,0,0,0,0,0,0,0,0,0,0,0,0,0,0,0,0,0
"73",0.00663185,0.006508788,0.00639944,0.00630444,0.006224038,0.006156959,0.006101661,0.006056714,0,0,0,0,0,0,0,0,0,0,0,0,0,0,0,0,0,0,0,0,0,0,0,0,0,0,0,0,0,0,0,0,0,0,0,0,0,0,0,0,0,0,0,0,0,0,0,0,0,0,0,0,0,0,0,0,0,0,0,0,0,0,0,0,0,0,0,0,0,0,0,0,0
"74",0.00663185,0.006508788,0.00639944,0.00630444,0.006224038,0.006156959,0.006101661,0.006056714,0,0,0,0,0,0,0,0,0,0,0,0,0,0,0,0,0,0,0,0,0,0,0,0,0,0,0,0,0,0,0,0,0,0,0,0,0,0,0,0,0,0,0,0,0,0,0,0,0,0,0,0,0,0,0,0,0,0,0,0,0,0,0,0,0,0,0,0,0,0,0,0,0
"75",0.00663185,0.006508788,0.00639944,0.00630444,0.006224038,0.006156959,0.006101661,0.006056714,0,0,0,0,0,0,0,0,0,0,0,0,0,0,0,0,0,0,0,0,0,0,0,0,0,0,0,0,0,0,0,0,0,0,0,0,0,0,0,0,0,0,0,0,0,0,0,0,0,0,0,0,0,0,0,0,0,0,0,0,0,0,0,0,0,0,0,0,0,0,0,0,0
"76",0.00663185,0.006508788,0.00639944,0.00630444,0.006224038,0.006156959,0.006101661,0.006056714,0,0,0,0,0,0,0,0,0,0,0,0,0,0,0,0,0,0,0,0,0,0,0,0,0,0,0,0,0,0,0,0,0,0,0,0,0,0,0,0,0,0,0,0,0,0,0,0,0,0,0,0,0,0,0,0,0,0,0,0,0,0,0,0,0,0,0,0,0,0,0,0,0
"77",0.00663185,0.006508788,0.00639944,0.00630444,0.006224038,0.006156959,0.006101661,0.006056714,0,0,0,0,0,0,0,0,0,0,0,0,0,0,0,0,0,0,0,0,0,0,0,0,0,0,0,0,0,0,0,0,0,0,0,0,0,0,0,0,0,0,0,0,0,0,0,0,0,0,0,0,0,0,0,0,0,0,0,0,0,0,0,0,0,0,0,0,0,0,0,0,0
"78",0.00663185,0.006508788,0.00639944,0.00630444,0.006224038,0.006156959,0.006101661,0.006056714,0,0,0,0,0,0,0,0,0,0,0,0,0,0,0,0,0,0,0,0,0,0,0,0,0,0,0,0,0,0,0,0,0,0,0,0,0,0,0,0,0,0,0,0,0,0,0,0,0,0,0,0,0,0,0,0,0,0,0,0,0,0,0,0,0,0,0,0,0,0,0,0,0
"79",0.00663185,0.006508788,0.00639944,0.00630444,0.006224038,0.006156959,0.006101661,0.006056714,0,0,0,0,0,0,0,0,0,0,0,0,0,0,0,0,0,0,0,0,0,0,0,0,0,0,0,0,0,0,0,0,0,0,0,0,0,0,0,0,0,0,0,0,0,0,0,0,0,0,0,0,0,0,0,0,0,0,0,0,0,0,0,0,0,0,0,0,0,0,0,0,0
"80",0.00663185,0.006508788,0.00639944,0.00630444,0.006224038,0.006156959,0.006101661,0.006056714,0,0,0,0,0,0,0,0,0,0,0,0,0,0,0,0,0,0,0,0,0,0,0,0,0,0,0,0,0,0,0,0,0,0,0,0,0,0,0,0,0,0,0,0,0,0,0,0,0,0,0,0,0,0,0,0,0,0,0,0,0,0,0,0,0,0,0,0,0,0,0,0,0
"81",0.00663185,NA,0.00639944,0.00630444,0.006224038,0.006156959,0.006101661,0.006056714,0,0,0,0,0,0,0,0,0,0,0,0,0,0,0,0,0,0,0,0,0,0,0,0,0,0,0,0,0,0,0,0,0,0,0,0,0,0,0,0,0,0,0,0,0,0,0,0,0,0,0,0,0,0,0,0,0,0,0,0,0,0,0,0,0,0,0,0,0,0,0,0,0
