"","1920","1921","1922","1923","1924","1925","1926","1927","1928","1929","1930","1931","1932","1933","1934","1935","1936","1937","1938","1939","1940","1941","1942","1943","1944","1945","1946","1947","1948","1949","1950","1951","1952","1953","1954","1955","1956","1957","1958","1959","1960","1961","1962","1963","1964","1965","1966","1967","1968","1969","1970","1971","1972","1973","1974","1975","1976","1977","1978","1979","1980","1981","1982","1983","1984","1985","1986","1987","1988","1989","1990","1991","1992","1993","1994","1995","1996","1997","1998","1999","2000"
"1",0.0003353133,0.000329091,0.0003235617,0.000318759,0.0003146934,0.0003113019,0.0003085047,0.0003062325,0,0,0,0,0,0,0,0,0,0,0,0,0,0,0,0,0,0,0,0,0,0,0,0,0,0,0,0,0,0,0,0,0,0,0,0,0,0,0,0,0,0,0,0,0,0,0,0,0,0,0,0,0,0,0,0,0,0,0,0,0,0,0,0,0,0,0,0,0,0,0,0,0
"2",0.000143205506473997,0.000142717108668158,0.000139927125525493,0.000136543510397708,0.000136838172743432,0.000133650281821457,0.000132493964799217,0.000132206872380754,0,0,0,0,0,0,0,0,0,0,0,0,0,0,0,0,0,0,0,0,0,0,0,0,0,0,0,0,0,0,0,0,0,0,0,0,0,0,0,0,0,0,0,0,0,0,0,0,0,0,0,0,0,0,0,0,0,0,0,0,0,0,0,0,0,0,0,0,0,0,0,0,0
"3",0.000173881546967489,0.00017347791621156,0.000169926218822672,0.000165824826822401,0.000166205668604504,0.00016239218090833,0.00016097885680565,0.000160545327519482,0,0,0,0,0,0,0,0,0,0,0,0,0,0,0,0,0,0,0,0,0,0,0,0,0,0,0,0,0,0,0,0,0,0,0,0,0,0,0,0,0,0,0,0,0,0,0,0,0,0,0,0,0,0,0,0,0,0,0,0,0,0,0,0,0,0,0,0,0,0,0,0,0
"4",0.000210691134734468,0.000209745197377841,0.000205544656887471,0.000200659772101014,0.000201189515052486,0.000196423553842953,0.000194747051990088,0.000194322593877597,0,0,0,0,0,0,0,0,0,0,0,0,0,0,0,0,0,0,0,0,0,0,0,0,0,0,0,0,0,0,0,0,0,0,0,0,0,0,0,0,0,0,0,0,0,0,0,0,0,0,0,0,0,0,0,0,0,0,0,0,0,0,0,0,0,0,0,0,0,0,0,0,0
"5",0.000253660934649857,0.000252608341648986,0.000247453815166397,0.000241440468601419,0.000242011222588141,0.000236571569825115,0.000234372322837372,0.000234001534814725,0,0,0,0,0,0,0,0,0,0,0,0,0,0,0,0,0,0,0,0,0,0,0,0,0,0,0,0,0,0,0,0,0,0,0,0,0,0,0,0,0,0,0,0,0,0,0,0,0,0,0,0,0,0,0,0,0,0,0,0,0,0,0,0,0,0,0,0,0,0,0,0,0
"6",0.000303209458190744,0.000301528052251726,0.000295452076032911,0.000288492491704229,0.00028902349535045,0.000282559576490979,0.000280020394838634,0.000279492384737176,0,0,0,0,0,0,0,0,0,0,0,0,0,0,0,0,0,0,0,0,0,0,0,0,0,0,0,0,0,0,0,0,0,0,0,0,0,0,0,0,0,0,0,0,0,0,0,0,0,0,0,0,0,0,0,0,0,0,0,0,0,0,0,0,0,0,0,0,0,0,0,0,0
"7",0.000358621057691258,0.000356792968453271,0.000349309552017359,0.000341247788619274,0.000342219939102847,0.000334170833237134,0.000331242613776178,0.000330619204002102,0,0,0,0,0,0,0,0,0,0,0,0,0,0,0,0,0,0,0,0,0,0,0,0,0,0,0,0,0,0,0,0,0,0,0,0,0,0,0,0,0,0,0,0,0,0,0,0,0,0,0,0,0,0,0,0,0,0,0,0,0,0,0,0,0,0,0,0,0,0,0,0,0
"8",0.000420112474800418,0.000417489758093731,0.000408720807095038,0.000399593636630204,0.000400417441513518,0.000391285448184225,0.000387808816370854,0.000387206605677521,0,0,0,0,0,0,0,0,0,0,0,0,0,0,0,0,0,0,0,0,0,0,0,0,0,0,0,0,0,0,0,0,0,0,0,0,0,0,0,0,0,0,0,0,0,0,0,0,0,0,0,0,0,0,0,0,0,0,0,0,0,0,0,0,0,0,0,0,0,0,0,0,0
"9",0.000486508781332999,0.000483416934881068,0.000473119826418775,0.000462981309853057,0.00046364411164564,0.000453507283412239,0.000449114830646567,0.000448809378582974,0,0,0,0,0,0,0,0,0,0,0,0,0,0,0,0,0,0,0,0,0,0,0,0,0,0,0,0,0,0,0,0,0,0,0,0,0,0,0,0,0,0,0,0,0,0,0,0,0,0,0,0,0,0,0,0,0,0,0,0,0,0,0,0,0,0,0,0,0,0,0,0,0
"10",0.000557956875100725,0.000554156148901546,0.00054220224722096,0.000530301644678171,0.00053179469316963,0.000520303526795068,0.000515330261263264,0.000514565493450756,0,0,0,0,0,0,0,0,0,0,0,0,0,0,0,0,0,0,0,0,0,0,0,0,0,0,0,0,0,0,0,0,0,0,0,0,0,0,0,0,0,0,0,0,0,0,0,0,0,0,0,0,0,0,0,0,0,0,0,0,0,0,0,0,0,0,0,0,0,0,0,0,0
"11",0.000639739484041843,0.000634691509528141,0.000621685306638969,0.000607732711177244,0.000609830031426271,0.000596551263816283,0.000590802956779266,0.000589844939804699,0,0,0,0,0,0,0,0,0,0,0,0,0,0,0,0,0,0,0,0,0,0,0,0,0,0,0,0,0,0,0,0,0,0,0,0,0,0,0,0,0,0,0,0,0,0,0,0,0,0,0,0,0,0,0,0,0,0,0,0,0,0,0,0,0,0,0,0,0,0,0,0,0
"12",0.000727172167156164,0.000720737394104145,0.00070631969359947,0.000690112711716576,0.000692742549940234,0.000677014892922397,0.000670938693743405,0.000670217332565718,0,0,0,0,0,0,0,0,0,0,0,0,0,0,0,0,0,0,0,0,0,0,0,0,0,0,0,0,0,0,0,0,0,0,0,0,0,0,0,0,0,0,0,0,0,0,0,0,0,0,0,0,0,0,0,0,0,0,0,0,0,0,0,0,0,0,0,0,0,0,0,0,0
"13",0.000819712079685081,0.00081221504997652,0.000795679663729746,0.000777573816934583,0.000779868820976306,0.00076268332123225,0.000755967844156541,0.000755363851960678,0,0,0,0,0,0,0,0,0,0,0,0,0,0,0,0,0,0,0,0,0,0,0,0,0,0,0,0,0,0,0,0,0,0,0,0,0,0,0,0,0,0,0,0,0,0,0,0,0,0,0,0,0,0,0,0,0,0,0,0,0,0,0,0,0,0,0,0,0,0,0,0,0
"14",0.000916216919780713,0.000908410797400022,0.000889409357084061,0.000869452182740241,0.000872345538812129,0.000853411309757695,0.000846265110571268,0.000845501543402394,0,0,0,0,0,0,0,0,0,0,0,0,0,0,0,0,0,0,0,0,0,0,0,0,0,0,0,0,0,0,0,0,0,0,0,0,0,0,0,0,0,0,0,0,0,0,0,0,0,0,0,0,0,0,0,0,0,0,0,0,0,0,0,0,0,0,0,0,0,0,0,0,0
"15",0.001017603964868,0.00100863503422642,0.000988291652945897,0.000965853030906887,0.000968555294675866,0.000947045167852763,0.000940170591556888,0.00093806458313386,0,0,0,0,0,0,0,0,0,0,0,0,0,0,0,0,0,0,0,0,0,0,0,0,0,0,0,0,0,0,0,0,0,0,0,0,0,0,0,0,0,0,0,0,0,0,0,0,0,0,0,0,0,0,0,0,0,0,0,0,0,0,0,0,0,0,0,0,0,0,0,0,0
"16",0.00112364219301058,0.00111306083404177,0.00108913421176632,0.00106532798520398,0.00106843088973709,0.00104498087519713,0.00103672841136771,0.00103531399773351,0,0,0,0,0,0,0,0,0,0,0,0,0,0,0,0,0,0,0,0,0,0,0,0,0,0,0,0,0,0,0,0,0,0,0,0,0,0,0,0,0,0,0,0,0,0,0,0,0,0,0,0,0,0,0,0,0,0,0,0,0,0,0,0,0,0,0,0,0,0,0,0,0
"17",0.00123222098313815,0.00122252403101654,0.00119396265090506,0.00116966767127746,0.00117178054608409,0.00114602833953699,0.00113804640304773,0.00113553977736983,0,0,0,0,0,0,0,0,0,0,0,0,0,0,0,0,0,0,0,0,0,0,0,0,0,0,0,0,0,0,0,0,0,0,0,0,0,0,0,0,0,0,0,0,0,0,0,0,0,0,0,0,0,0,0,0,0,0,0,0,0,0,0,0,0,0,0,0,0,0,0,0,0
"18",0.00134566758743533,0.00133377441871277,0.00130227475944765,0.0012763366734812,0.00127901357435904,0.00125005255960821,0.00124061447133635,0.00123755630993619,0,0,0,0,0,0,0,0,0,0,0,0,0,0,0,0,0,0,0,0,0,0,0,0,0,0,0,0,0,0,0,0,0,0,0,0,0,0,0,0,0,0,0,0,0,0,0,0,0,0,0,0,0,0,0,0,0,0,0,0,0,0,0,0,0,0,0,0,0,0,0,0,0
"19",0.0014600682248199,0.0014482545656694,0.00141447906492191,0.00138591021936944,0.00138878514775246,0.00135742680152329,0.00134647919036145,0.00134370308691079,0,0,0,0,0,0,0,0,0,0,0,0,0,0,0,0,0,0,0,0,0,0,0,0,0,0,0,0,0,0,0,0,0,0,0,0,0,0,0,0,0,0,0,0,0,0,0,0,0,0,0,0,0,0,0,0,0,0,0,0,0,0,0,0,0,0,0,0,0,0,0,0,0
"20",0.00157932949926143,0.00156528031184088,0.0015295141551501,0.00149883633190761,0.00150114725052632,0.00146663280260913,0.00145463908483219,0.00145249171030458,0,0,0,0,0,0,0,0,0,0,0,0,0,0,0,0,0,0,0,0,0,0,0,0,0,0,0,0,0,0,0,0,0,0,0,0,0,0,0,0,0,0,0,0,0,0,0,0,0,0,0,0,0,0,0,0,0,0,0,0,0,0,0,0,0,0,0,0,0,0,0,0,0
"21",0.00168660460926334,0.00167103291806671,0.00163119298378145,0.00159964789776361,0.00160272892762341,0.00156613596101418,0.00155280451407339,0.00154977508197212,0,0,0,0,0,0,0,0,0,0,0,0,0,0,0,0,0,0,0,0,0,0,0,0,0,0,0,0,0,0,0,0,0,0,0,0,0,0,0,0,0,0,0,0,0,0,0,0,0,0,0,0,0,0,0,0,0,0,0,0,0,0,0,0,0,0,0,0,0,0,0,0,0
"22",0.00179224498871676,0.00177553757112193,0.00173401853997992,0.00170129977167145,0.00170346060792056,0.00166494264633401,0.00165258572449836,0.00164936544688316,0,0,0,0,0,0,0,0,0,0,0,0,0,0,0,0,0,0,0,0,0,0,0,0,0,0,0,0,0,0,0,0,0,0,0,0,0,0,0,0,0,0,0,0,0,0,0,0,0,0,0,0,0,0,0,0,0,0,0,0,0,0,0,0,0,0,0,0,0,0,0,0,0
"23",0.0018984475330848,0.00188184941906728,0.00183691673228708,0.00180197007139742,0.00180376684452786,0.00176508838391482,0.0017504428213448,0.00174765608785372,0,0,0,0,0,0,0,0,0,0,0,0,0,0,0,0,0,0,0,0,0,0,0,0,0,0,0,0,0,0,0,0,0,0,0,0,0,0,0,0,0,0,0,0,0,0,0,0,0,0,0,0,0,0,0,0,0,0,0,0,0,0,0,0,0,0,0,0,0,0,0,0,0
"24",0.0020054207947715,0.00198527186607665,0.0019394623487593,0.00190335704378624,0.0019031725613164,0.00186238737142588,0.00184930129309517,0.00184588037075552,0,0,0,0,0,0,0,0,0,0,0,0,0,0,0,0,0,0,0,0,0,0,0,0,0,0,0,0,0,0,0,0,0,0,0,0,0,0,0,0,0,0,0,0,0,0,0,0,0,0,0,0,0,0,0,0,0,0,0,0,0,0,0,0,0,0,0,0,0,0,0,0,0
"25",0.00206383950859359,0.00204486390571114,0.00199545646015423,0.00195858411801123,0.00196143674170206,0.00191789053067089,0.00190287151214548,0.00189943311433107,0,0,0,0,0,0,0,0,0,0,0,0,0,0,0,0,0,0,0,0,0,0,0,0,0,0,0,0,0,0,0,0,0,0,0,0,0,0,0,0,0,0,0,0,0,0,0,0,0,0,0,0,0,0,0,0,0,0,0,0,0,0,0,0,0,0,0,0,0,0,0,0,0
"26",0.00217534146604684,0.00215775876352145,0.0021047225027648,0.00206721224440934,0.00206757900422164,0.00202164862603353,0.00200773185677769,0.00200428641314071,0,0,0,0,0,0,0,0,0,0,0,0,0,0,0,0,0,0,0,0,0,0,0,0,0,0,0,0,0,0,0,0,0,0,0,0,0,0,0,0,0,0,0,0,0,0,0,0,0,0,0,0,0,0,0,0,0,0,0,0,0,0,0,0,0,0,0,0,0,0,0,0,0
"27",0.00228992959141369,0.0022730158949279,0.00221469894224079,0.00217778029409442,0.00217403058532896,0.0021264652126078,0.00211260282158548,0.00210814894173865,0,0,0,0,0,0,0,0,0,0,0,0,0,0,0,0,0,0,0,0,0,0,0,0,0,0,0,0,0,0,0,0,0,0,0,0,0,0,0,0,0,0,0,0,0,0,0,0,0,0,0,0,0,0,0,0,0,0,0,0,0,0,0,0,0,0,0,0,0,0,0,0,0
"28",0.00240746411856771,0.00238706005462251,0.00232719501353314,0.00228919182014311,0.00228381634842281,0.00223581996913677,0.00221808208984926,0.00221459066971692,0,0,0,0,0,0,0,0,0,0,0,0,0,0,0,0,0,0,0,0,0,0,0,0,0,0,0,0,0,0,0,0,0,0,0,0,0,0,0,0,0,0,0,0,0,0,0,0,0,0,0,0,0,0,0,0,0,0,0,0,0,0,0,0,0,0,0,0,0,0,0,0,0
"29",0.00252900951904931,0.00250780978635109,0.00244359001248905,0.00240460161629562,0.00239747081666447,0.00234847740674858,0.0023291240893652,0.0023238258321868,0,0,0,0,0,0,0,0,0,0,0,0,0,0,0,0,0,0,0,0,0,0,0,0,0,0,0,0,0,0,0,0,0,0,0,0,0,0,0,0,0,0,0,0,0,0,0,0,0,0,0,0,0,0,0,0,0,0,0,0,0,0,0,0,0,0,0,0,0,0,0,0,0
"30",0.00265414062934412,0.00263157469090863,0.00256572206928682,0.00252573461275346,0.00251561084642803,0.00246446255046519,0.00244581047952073,0.00243850820182983,0,0,0,0,0,0,0,0,0,0,0,0,0,0,0,0,0,0,0,0,0,0,0,0,0,0,0,0,0,0,0,0,0,0,0,0,0,0,0,0,0,0,0,0,0,0,0,0,0,0,0,0,0,0,0,0,0,0,0,0,0,0,0,0,0,0,0,0,0,0,0,0,0
"31",0.00278523131294747,0.00276029563026352,0.00269001713714892,0.00264953954019344,0.00263475933960068,0.00258318415472465,0.00256509318045759,0.00255542910790559,0,0,0,0,0,0,0,0,0,0,0,0,0,0,0,0,0,0,0,0,0,0,0,0,0,0,0,0,0,0,0,0,0,0,0,0,0,0,0,0,0,0,0,0,0,0,0,0,0,0,0,0,0,0,0,0,0,0,0,0,0,0,0,0,0,0,0,0,0,0,0,0,0
"32",0.00292813550258363,0.00289880350811872,0.00282447233132207,0.0027819640404472,0.00276564683501984,0.00271187365117203,0.00269314842410321,0.00268094892259079,0,0,0,0,0,0,0,0,0,0,0,0,0,0,0,0,0,0,0,0,0,0,0,0,0,0,0,0,0,0,0,0,0,0,0,0,0,0,0,0,0,0,0,0,0,0,0,0,0,0,0,0,0,0,0,0,0,0,0,0,0,0,0,0,0,0,0,0,0,0,0,0,0
"33",0.00307637950363923,0.00304599288034539,0.00296768403483068,0.00292226039170976,0.00290662463108998,0.00284873507577893,0.00282908277670627,0.00281801466235734,0,0,0,0,0,0,0,0,0,0,0,0,0,0,0,0,0,0,0,0,0,0,0,0,0,0,0,0,0,0,0,0,0,0,0,0,0,0,0,0,0,0,0,0,0,0,0,0,0,0,0,0,0,0,0,0,0,0,0,0,0,0,0,0,0,0,0,0,0,0,0,0,0
"34",0.00323688044314695,0.00320665077930195,0.00312032520106438,0.00307160074925109,0.00305843070281525,0.00299467618303097,0.00297545185377042,0.00296193050730575,0,0,0,0,0,0,0,0,0,0,0,0,0,0,0,0,0,0,0,0,0,0,0,0,0,0,0,0,0,0,0,0,0,0,0,0,0,0,0,0,0,0,0,0,0,0,0,0,0,0,0,0,0,0,0,0,0,0,0,0,0,0,0,0,0,0,0,0,0,0,0,0,0
"35",0.00340927787471799,0.0033700752783797,0.003282607322058,0.00323135994722033,0.00321775462321242,0.00314679067359322,0.00312801798475336,0.00311975979401426,0,0,0,0,0,0,0,0,0,0,0,0,0,0,0,0,0,0,0,0,0,0,0,0,0,0,0,0,0,0,0,0,0,0,0,0,0,0,0,0,0,0,0,0,0,0,0,0,0,0,0,0,0,0,0,0,0,0,0,0,0,0,0,0,0,0,0,0,0,0,0,0,0
"36",0.00358605400125885,0.00354582433515407,0.00346238826961709,0.00340144231403225,0.00338410708054205,0.00331103545990708,0.00328937415417559,0.0032813047179645,0,0,0,0,0,0,0,0,0,0,0,0,0,0,0,0,0,0,0,0,0,0,0,0,0,0,0,0,0,0,0,0,0,0,0,0,0,0,0,0,0,0,0,0,0,0,0,0,0,0,0,0,0,0,0,0,0,0,0,0,0,0,0,0,0,0,0,0,0,0,0,0,0
"37",0.00377315478534777,0.00373165524655276,0.00364342726941145,0.00357752187035623,0.00355629707797434,0.00348190584128695,0.00345681492001366,0.00345014946091052,0,0,0,0,0,0,0,0,0,0,0,0,0,0,0,0,0,0,0,0,0,0,0,0,0,0,0,0,0,0,0,0,0,0,0,0,0,0,0,0,0,0,0,0,0,0,0,0,0,0,0,0,0,0,0,0,0,0,0,0,0,0,0,0,0,0,0,0,0,0,0,0,0
"38",0.00396638400138282,0.00392112767538781,0.00383184256759577,0.00375998015175286,0.0037357872244212,0.00366160500555527,0.00362895650199958,0.0036270483854798,0,0,0,0,0,0,0,0,0,0,0,0,0,0,0,0,0,0,0,0,0,0,0,0,0,0,0,0,0,0,0,0,0,0,0,0,0,0,0,0,0,0,0,0,0,0,0,0,0,0,0,0,0,0,0,0,0,0,0,0,0,0,0,0,0,0,0,0,0,0,0,0,0
"39",0.0041654743723599,0.00411474291500127,0.00403121595437649,0.0039464036619003,0.00392816423537131,0.00384686248929171,0.00381100297804567,0.00380750999468556,0,0,0,0,0,0,0,0,0,0,0,0,0,0,0,0,0,0,0,0,0,0,0,0,0,0,0,0,0,0,0,0,0,0,0,0,0,0,0,0,0,0,0,0,0,0,0,0,0,0,0,0,0,0,0,0,0,0,0,0,0,0,0,0,0,0,0,0,0,0,0,0,0
"40",0.0043755240337134,0.00431791217280462,0.00423662951682347,0.00414198846388682,0.00412428915126415,0.00403790482813193,0.00400115766587061,0.00399948154306549,0,0,0,0,0,0,0,0,0,0,0,0,0,0,0,0,0,0,0,0,0,0,0,0,0,0,0,0,0,0,0,0,0,0,0,0,0,0,0,0,0,0,0,0,0,0,0,0,0,0,0,0,0,0,0,0,0,0,0,0,0,0,0,0,0,0,0,0,0,0,0,0,0
"41",0.00459105227855671,0.00453785521869137,0.00444406582693968,0.00434840895165422,0.00433613509351494,0.0042451599805519,0.00420236509308959,0.00420205145761636,0,0,0,0,0,0,0,0,0,0,0,0,0,0,0,0,0,0,0,0,0,0,0,0,0,0,0,0,0,0,0,0,0,0,0,0,0,0,0,0,0,0,0,0,0,0,0,0,0,0,0,0,0,0,0,0,0,0,0,0,0,0,0,0,0,0,0,0,0,0,0,0,0
"42",0.00482536918420497,0.00476080815538916,0.00466691076687742,0.00456463504843084,0.00455341254550926,0.00446329671989057,0.00440998108155981,0.00441342323597283,0,0,0,0,0,0,0,0,0,0,0,0,0,0,0,0,0,0,0,0,0,0,0,0,0,0,0,0,0,0,0,0,0,0,0,0,0,0,0,0,0,0,0,0,0,0,0,0,0,0,0,0,0,0,0,0,0,0,0,0,0,0,0,0,0,0,0,0,0,0,0,0,0
"43",0.00507419088318152,0.00500264647710698,0.00490492388007194,0.00479847289647789,0.00478004233909712,0.00468679199488948,0.00462747032515369,0.00463781149571951,0,0,0,0,0,0,0,0,0,0,0,0,0,0,0,0,0,0,0,0,0,0,0,0,0,0,0,0,0,0,0,0,0,0,0,0,0,0,0,0,0,0,0,0,0,0,0,0,0,0,0,0,0,0,0,0,0,0,0,0,0,0,0,0,0,0,0,0,0,0,0,0,0
"44",0.00533867396442499,0.00525880750430454,0.00516407718442391,0.00504140032384703,0.00502226351780868,0.00492623184276258,0.00485806016930661,0.00487312004710267,0,0,0,0,0,0,0,0,0,0,0,0,0,0,0,0,0,0,0,0,0,0,0,0,0,0,0,0,0,0,0,0,0,0,0,0,0,0,0,0,0,0,0,0,0,0,0,0,0,0,0,0,0,0,0,0,0,0,0,0,0,0,0,0,0,0,0,0,0,0,0,0,0
"45",0.00560883594771131,0.00552874672886302,0.00542564834753372,0.00530488013620263,0.00527335104314556,0.00517918631409799,0.00511998668807514,0.00511722393802187,0,0,0,0,0,0,0,0,0,0,0,0,0,0,0,0,0,0,0,0,0,0,0,0,0,0,0,0,0,0,0,0,0,0,0,0,0,0,0,0,0,0,0,0,0,0,0,0,0,0,0,0,0,0,0,0,0,0,0,0,0,0,0,0,0,0,0,0,0,0,0,0,0
"46",0.00589233164907251,0.00580163518633893,0.00569952554075571,0.00557473795735782,0.00553895537384865,0.00545266297996236,0.00539054758860878,0.00536643348497512,0,0,0,0,0,0,0,0,0,0,0,0,0,0,0,0,0,0,0,0,0,0,0,0,0,0,0,0,0,0,0,0,0,0,0,0,0,0,0,0,0,0,0,0,0,0,0,0,0,0,0,0,0,0,0,0,0,0,0,0,0,0,0,0,0,0,0,0,0,0,0,0,0
"47",0.00618136048531373,0.00609792753983592,0.00599613004917096,0.00585076813643091,0.00581722361703175,0.00571633128832484,0.00566849475812472,0.00562235244979702,0,0,0,0,0,0,0,0,0,0,0,0,0,0,0,0,0,0,0,0,0,0,0,0,0,0,0,0,0,0,0,0,0,0,0,0,0,0,0,0,0,0,0,0,0,0,0,0,0,0,0,0,0,0,0,0,0,0,0,0,0,0,0,0,0,0,0,0,0,0,0,0,0
"48",0.0064776819599161,0.00640333817470913,0.00628278883692625,0.00613466270832927,0.00609653832039745,0.00600589984296931,0.0059520771987707,0.00589611707831677,0,0,0,0,0,0,0,0,0,0,0,0,0,0,0,0,0,0,0,0,0,0,0,0,0,0,0,0,0,0,0,0,0,0,0,0,0,0,0,0,0,0,0,0,0,0,0,0,0,0,0,0,0,0,0,0,0,0,0,0,0,0,0,0,0,0,0,0,0,0,0,0,0
"49",0.00680979824403668,0.0067270633820841,0.00659348107706051,0.00644175257164848,0.00638394718095959,0.00629799905215928,0.0062550243712037,0.00617621868569021,0,0,0,0,0,0,0,0,0,0,0,0,0,0,0,0,0,0,0,0,0,0,0,0,0,0,0,0,0,0,0,0,0,0,0,0,0,0,0,0,0,0,0,0,0,0,0,0,0,0,0,0,0,0,0,0,0,0,0,0,0,0,0,0,0,0,0,0,0,0,0,0,0
"50",0.00712416796886003,0.00703912964129046,0.00690037043037911,0.00675595025606874,0.0066737354828178,0.00658694724226784,0.00654540578184917,0.00646248216640775,0,0,0,0,0,0,0,0,0,0,0,0,0,0,0,0,0,0,0,0,0,0,0,0,0,0,0,0,0,0,0,0,0,0,0,0,0,0,0,0,0,0,0,0,0,0,0,0,0,0,0,0,0,0,0,0,0,0,0,0,0,0,0,0,0,0,0,0,0,0,0,0,0
"51",0.00745350720883327,0.00734224324025244,0.00720276210221395,0.00705740931530608,0.00696635130622394,0.00686543534063198,0.00683819890619937,0.00675976336691055,0,0,0,0,0,0,0,0,0,0,0,0,0,0,0,0,0,0,0,0,0,0,0,0,0,0,0,0,0,0,0,0,0,0,0,0,0,0,0,0,0,0,0,0,0,0,0,0,0,0,0,0,0,0,0,0,0,0,0,0,0,0,0,0,0,0,0,0,0,0,0,0,0
"52",0.00776394844331436,0.00764366230353464,0.0075015095180898,0.00732976366445231,0.00726304927409862,0.00714396378229665,0.00711579226010272,0.00703202826512301,0,0,0,0,0,0,0,0,0,0,0,0,0,0,0,0,0,0,0,0,0,0,0,0,0,0,0,0,0,0,0,0,0,0,0,0,0,0,0,0,0,0,0,0,0,0,0,0,0,0,0,0,0,0,0,0,0,0,0,0,0,0,0,0,0,0,0,0,0,0,0,0,0
"53",0.00806823302303043,0.0079425253363165,0.00777727827664561,0.00759742484780083,0.00750499568865215,0.00737726708412048,0.0073788621743273,0.00725632220049924,0,0,0,0,0,0,0,0,0,0,0,0,0,0,0,0,0,0,0,0,0,0,0,0,0,0,0,0,0,0,0,0,0,0,0,0,0,0,0,0,0,0,0,0,0,0,0,0,0,0,0,0,0,0,0,0,0,0,0,0,0,0,0,0,0,0,0,0,0,0,0,0,0
"54",0.00831077481745266,0.00818964142245828,0.00800272384473046,0.00783265918187325,0.00774181300352274,0.00761027338549618,0.00758660051705212,0.00745640000870133,0,0,0,0,0,0,0,0,0,0,0,0,0,0,0,0,0,0,0,0,0,0,0,0,0,0,0,0,0,0,0,0,0,0,0,0,0,0,0,0,0,0,0,0,0,0,0,0,0,0,0,0,0,0,0,0,0,0,0,0,0,0,0,0,0,0,0,0,0,0,0,0,0
"55",0.00851884477686244,0.00835126932610282,0.00816705440787177,0.00803170076009501,0.0079180254230513,0.00781084211708694,0.00776783993460776,0.00764623781845063,0,0,0,0,0,0,0,0,0,0,0,0,0,0,0,0,0,0,0,0,0,0,0,0,0,0,0,0,0,0,0,0,0,0,0,0,0,0,0,0,0,0,0,0,0,0,0,0,0,0,0,0,0,0,0,0,0,0,0,0,0,0,0,0,0,0,0,0,0,0,0,0,0
"56",0.00869744522545772,0.00848378562452353,0.00828087722158608,0.00816345417985122,0.00801317713654499,0.00793989090024047,0.00787995732821858,0.00775407965524911,0,0,0,0,0,0,0,0,0,0,0,0,0,0,0,0,0,0,0,0,0,0,0,0,0,0,0,0,0,0,0,0,0,0,0,0,0,0,0,0,0,0,0,0,0,0,0,0,0,0,0,0,0,0,0,0,0,0,0,0,0,0,0,0,0,0,0,0,0,0,0,0,0
"57",0.00875199051336898,0.0085862545562387,0.00836256,0.0082421745383516,0.00809044391115312,0.00801463106904298,0.00799683462899721,0.00779269001302648,0,0,0,0,0,0,0,0,0,0,0,0,0,0,0,0,0,0,0,0,0,0,0,0,0,0,0,0,0,0,0,0,0,0,0,0,0,0,0,0,0,0,0,0,0,0,0,0,0,0,0,0,0,0,0,0,0,0,0,0,0,0,0,0,0,0,0,0,0,0,0,0,0
"58",0.0088312739803513,0.00863225344107313,0.00840561358682358,0.00829332422576473,0.00811015793393043,0.00802516869047619,0.0080201673002673,0.00781069169646456,0,0,0,0,0,0,0,0,0,0,0,0,0,0,0,0,0,0,0,0,0,0,0,0,0,0,0,0,0,0,0,0,0,0,0,0,0,0,0,0,0,0,0,0,0,0,0,0,0,0,0,0,0,0,0,0,0,0,0,0,0,0,0,0,0,0,0,0,0,0,0,0,0
"59",0.00888158211792207,0.0086230508962166,0.00836543425036759,0.00838307089781393,0.00812115583160779,0.00802968231403965,0.00800707696110815,0.00785023056802772,0,0,0,0,0,0,0,0,0,0,0,0,0,0,0,0,0,0,0,0,0,0,0,0,0,0,0,0,0,0,0,0,0,0,0,0,0,0,0,0,0,0,0,0,0,0,0,0,0,0,0,0,0,0,0,0,0,0,0,0,0,0,0,0,0,0,0,0,0,0,0,0,0
"60",0.00896635309025702,0.00857449495774648,0.00836598731312612,0.0084604470563343,0.00809365546047861,0.0080533068677657,0.00793397799188641,0.00783572722869335,0,0,0,0,0,0,0,0,0,0,0,0,0,0,0,0,0,0,0,0,0,0,0,0,0,0,0,0,0,0,0,0,0,0,0,0,0,0,0,0,0,0,0,0,0,0,0,0,0,0,0,0,0,0,0,0,0,0,0,0,0,0,0,0,0,0,0,0,0,0,0,0,0
"61",0.00891709749708964,0.00847492216186456,0.00839765006729475,0.0084935122078828,0.00809399645334174,0.00801561081566192,0.00792276935113939,0.00784370742315046,0,0,0,0,0,0,0,0,0,0,0,0,0,0,0,0,0,0,0,0,0,0,0,0,0,0,0,0,0,0,0,0,0,0,0,0,0,0,0,0,0,0,0,0,0,0,0,0,0,0,0,0,0,0,0,0,0,0,0,0,0,0,0,0,0,0,0,0,0,0,0,0,0
"62",0.0091014955858748,0.00869012019670519,0.00857302777523984,0.00867802976080957,0.00823709768071631,0.00817938855540248,0.00807733298747764,0.00803170315905009,0,0,0,0,0,0,0,0,0,0,0,0,0,0,0,0,0,0,0,0,0,0,0,0,0,0,0,0,0,0,0,0,0,0,0,0,0,0,0,0,0,0,0,0,0,0,0,0,0,0,0,0,0,0,0,0,0,0,0,0,0,0,0,0,0,0,0,0,0,0,0,0,0
"63",0.00923542983087442,0.0088906430534868,0.0087839383265434,0.00875174156664561,0.00836583407099914,0.00830042053925456,0.00821221695513671,0.00820490812807882,0,0,0,0,0,0,0,0,0,0,0,0,0,0,0,0,0,0,0,0,0,0,0,0,0,0,0,0,0,0,0,0,0,0,0,0,0,0,0,0,0,0,0,0,0,0,0,0,0,0,0,0,0,0,0,0,0,0,0,0,0,0,0,0,0,0,0,0,0,0,0,0,0
"64",0.009400647375,0.00891574486437613,0.00896236068796069,0.00889898996235884,0.00846199869824692,0.00828978854720745,0.00832607444538383,0.00844311513824885,0,0,0,0,0,0,0,0,0,0,0,0,0,0,0,0,0,0,0,0,0,0,0,0,0,0,0,0,0,0,0,0,0,0,0,0,0,0,0,0,0,0,0,0,0,0,0,0,0,0,0,0,0,0,0,0,0,0,0,0,0,0,0,0,0,0,0,0,0,0,0,0,0
"65",0.00956650139372822,0.00903891033827893,0.00908307612903226,0.00897719611650485,0.00866884791862285,0.00839585318181818,0.00847070319413092,0.0084806025223436,0,0,0,0,0,0,0,0,0,0,0,0,0,0,0,0,0,0,0,0,0,0,0,0,0,0,0,0,0,0,0,0,0,0,0,0,0,0,0,0,0,0,0,0,0,0,0,0,0,0,0,0,0,0,0,0,0,0,0,0,0,0,0,0,0,0,0,0,0,0,0,0,0
"66",0.00962389395348837,0.00919366305,0.00922069849462366,0.00906067494677076,0.0087546418539728,0.00850489023612751,0.00865539132268371,0.0084948447723133,0,0,0,0,0,0,0,0,0,0,0,0,0,0,0,0,0,0,0,0,0,0,0,0,0,0,0,0,0,0,0,0,0,0,0,0,0,0,0,0,0,0,0,0,0,0,0,0,0,0,0,0,0,0,0,0,0,0,0,0,0,0,0,0,0,0,0,0,0,0,0,0,0
"67",0.00963495188679245,0.00921802970558376,0.00927765703349282,0.00912873458294283,0.00881079789473684,0.00858589674616007,0.00876135938461538,0.00858431905511811,0,0,0,0,0,0,0,0,0,0,0,0,0,0,0,0,0,0,0,0,0,0,0,0,0,0,0,0,0,0,0,0,0,0,0,0,0,0,0,0,0,0,0,0,0,0,0,0,0,0,0,0,0,0,0,0,0,0,0,0,0,0,0,0,0,0,0,0,0,0,0,0,0
"68",0.00955613031496063,0.00929185597241379,0.00932876112676057,0.0092202435,0.00888063958536585,0.00887826684530387,0.00880239619672131,0.00862154696938776,0,0,0,0,0,0,0,0,0,0,0,0,0,0,0,0,0,0,0,0,0,0,0,0,0,0,0,0,0,0,0,0,0,0,0,0,0,0,0,0,0,0,0,0,0,0,0,0,0,0,0,0,0,0,0,0,0,0,0,0,0,0,0,0,0,0,0,0,0,0,0,0,0
"69",0.00972168920454545,0.00956791836,0.00932489828571429,0.00930163278688525,0.00888431230645161,0.00897156882857143,0.00876024186428572,0.00865244857142857,0,0,0,0,0,0,0,0,0,0,0,0,0,0,0,0,0,0,0,0,0,0,0,0,0,0,0,0,0,0,0,0,0,0,0,0,0,0,0,0,0,0,0,0,0,0,0,0,0,0,0,0,0,0,0,0,0,0,0,0,0,0,0,0,0,0,0,0,0,0,0,0,0
"70",0.00965519338235294,0.00950625615789474,0.00937060857142857,0.00935916865979381,0.00896261472,0.00905072973,0.00906004209090909,0.00877710249152542,0,0,0,0,0,0,0,0,0,0,0,0,0,0,0,0,0,0,0,0,0,0,0,0,0,0,0,0,0,0,0,0,0,0,0,0,0,0,0,0,0,0,0,0,0,0,0,0,0,0,0,0,0,0,0,0,0,0,0,0,0,0,0,0,0,0,0,0,0,0,0,0,0
"71",0.00974475918367347,0.00957897101886792,0.00959916,0.00945666,0.00908373113513514,0.00910892564383562,0.0091524915,0.00888318053333333,0,0,0,0,0,0,0,0,0,0,0,0,0,0,0,0,0,0,0,0,0,0,0,0,0,0,0,0,0,0,0,0,0,0,0,0,0,0,0,0,0,0,0,0,0,0,0,0,0,0,0,0,0,0,0,0,0,0,0,0,0,0,0,0,0,0,0,0,0,0,0,0,0
"72",0.00970514634146341,0.009763182,0.00959916,0.00945666,0.009336057,0.0092354385,0.0091524915,0.009085071,0,0,0,0,0,0,0,0,0,0,0,0,0,0,0,0,0,0,0,0,0,0,0,0,0,0,0,0,0,0,0,0,0,0,0,0,0,0,0,0,0,0,0,0,0,0,0,0,0,0,0,0,0,0,0,0,0,0,0,0,0,0,0,0,0,0,0,0,0,0,0,0,0
"73",0.009947775,0.009763182,0.00959916,0.00945666,0.009336057,0.0092354385,0.0091524915,0.009085071,0,0,0,0,0,0,0,0,0,0,0,0,0,0,0,0,0,0,0,0,0,0,0,0,0,0,0,0,0,0,0,0,0,0,0,0,0,0,0,0,0,0,0,0,0,0,0,0,0,0,0,0,0,0,0,0,0,0,0,0,0,0,0,0,0,0,0,0,0,0,0,0,0
"74",0.009947775,0.009763182,0.00959916,0.00945666,0.009336057,0.0092354385,0.0091524915,0.009085071,0,0,0,0,0,0,0,0,0,0,0,0,0,0,0,0,0,0,0,0,0,0,0,0,0,0,0,0,0,0,0,0,0,0,0,0,0,0,0,0,0,0,0,0,0,0,0,0,0,0,0,0,0,0,0,0,0,0,0,0,0,0,0,0,0,0,0,0,0,0,0,0,0
"75",0.009947775,0.009763182,0.00959916,0.00945666,0.009336057,0.0092354385,0.0091524915,0.009085071,0,0,0,0,0,0,0,0,0,0,0,0,0,0,0,0,0,0,0,0,0,0,0,0,0,0,0,0,0,0,0,0,0,0,0,0,0,0,0,0,0,0,0,0,0,0,0,0,0,0,0,0,0,0,0,0,0,0,0,0,0,0,0,0,0,0,0,0,0,0,0,0,0
"76",0.009947775,0.009763182,0.00959916,0.00945666,0.009336057,0.0092354385,0.0091524915,0.009085071,0,0,0,0,0,0,0,0,0,0,0,0,0,0,0,0,0,0,0,0,0,0,0,0,0,0,0,0,0,0,0,0,0,0,0,0,0,0,0,0,0,0,0,0,0,0,0,0,0,0,0,0,0,0,0,0,0,0,0,0,0,0,0,0,0,0,0,0,0,0,0,0,0
"77",0.009947775,0.009763182,0.00959916,0.00945666,0.009336057,0.0092354385,0.0091524915,0.009085071,0,0,0,0,0,0,0,0,0,0,0,0,0,0,0,0,0,0,0,0,0,0,0,0,0,0,0,0,0,0,0,0,0,0,0,0,0,0,0,0,0,0,0,0,0,0,0,0,0,0,0,0,0,0,0,0,0,0,0,0,0,0,0,0,0,0,0,0,0,0,0,0,0
"78",0.009947775,0.009763182,0.00959916,0.00945666,0.009336057,0.0092354385,0.0091524915,0.009085071,0,0,0,0,0,0,0,0,0,0,0,0,0,0,0,0,0,0,0,0,0,0,0,0,0,0,0,0,0,0,0,0,0,0,0,0,0,0,0,0,0,0,0,0,0,0,0,0,0,0,0,0,0,0,0,0,0,0,0,0,0,0,0,0,0,0,0,0,0,0,0,0,0
"79",0.009947775,0.009763182,0.00959916,0.00945666,0.009336057,0.0092354385,0.0091524915,0.009085071,0,0,0,0,0,0,0,0,0,0,0,0,0,0,0,0,0,0,0,0,0,0,0,0,0,0,0,0,0,0,0,0,0,0,0,0,0,0,0,0,0,0,0,0,0,0,0,0,0,0,0,0,0,0,0,0,0,0,0,0,0,0,0,0,0,0,0,0,0,0,0,0,0
"80",0.009947775,0.009763182,0.00959916,0.00945666,0.009336057,0.0092354385,0.0091524915,0.009085071,0,0,0,0,0,0,0,0,0,0,0,0,0,0,0,0,0,0,0,0,0,0,0,0,0,0,0,0,0,0,0,0,0,0,0,0,0,0,0,0,0,0,0,0,0,0,0,0,0,0,0,0,0,0,0,0,0,0,0,0,0,0,0,0,0,0,0,0,0,0,0,0,0
"81",0.009947775,NA,0.00959916,0.00945666,0.009336057,0.0092354385,0.0091524915,0.009085071,0,0,0,0,0,0,0,0,0,0,0,0,0,0,0,0,0,0,0,0,0,0,0,0,0,0,0,0,0,0,0,0,0,0,0,0,0,0,0,0,0,0,0,0,0,0,0,0,0,0,0,0,0,0,0,0,0,0,0,0,0,0,0,0,0,0,0,0,0,0,0,0,0
