"","1920","1921","1922","1923","1924","1925","1926","1927","1928","1929","1930","1931","1932","1933","1934","1935","1936","1937","1938","1939","1940","1941","1942","1943","1944","1945","1946","1947","1948","1949","1950","1951","1952","1953","1954","1955","1956","1957","1958","1959","1960","1961","1962","1963","1964","1965","1966","1967","1968","1969","1970","1971","1972","1973","1974","1975","1976","1977","1978","1979","1980","1981","1982","1983","1984","1985","1986","1987","1988","1989","1990","1991","1992","1993","1994","1995","1996","1997","1998","1999","2000"
"1",0.0006706266,0.000658182,0.0006471234,0.000637518,0.0006293868,0.0006226038,0.0006170094,0.000612465,0,0,0,0,0,0,0,0,0,0,0,0,0,0,0,0,0,0,0,0,0,0,0,0,0,0,0,0,0,0,0,0,0,0,0,0,0,0,0,0,0,0,0,0,0,0,0,0,0,0,0,0,0,0,0,0,0,0,0,0,0,0,0,0,0,0,0,0,0,0,0,0,0
"2",0.000286411012947995,0.000285434217336317,0.000279854251050986,0.000273087020795416,0.000273676345486864,0.000267300563642913,0.000264987929598435,0.000264413744761508,0,0,0,0,0,0,0,0,0,0,0,0,0,0,0,0,0,0,0,0,0,0,0,0,0,0,0,0,0,0,0,0,0,0,0,0,0,0,0,0,0,0,0,0,0,0,0,0,0,0,0,0,0,0,0,0,0,0,0,0,0,0,0,0,0,0,0,0,0,0,0,0,0
"3",0.000345629578021266,0.00034482726903402,0.000337767453365312,0.000329614993192994,0.000330372003851897,0.000322791819719625,0.000319982512914297,0.000319120773719707,0,0,0,0,0,0,0,0,0,0,0,0,0,0,0,0,0,0,0,0,0,0,0,0,0,0,0,0,0,0,0,0,0,0,0,0,0,0,0,0,0,0,0,0,0,0,0,0,0,0,0,0,0,0,0,0,0,0,0,0,0,0,0,0,0,0,0,0,0,0,0,0,0
"4",0.000416048316690848,0.000414180389758775,0.00040588565157526,0.000396239549971623,0.000397285624660606,0.000387874359487349,0.000384563798866503,0.00038372562841652,0,0,0,0,0,0,0,0,0,0,0,0,0,0,0,0,0,0,0,0,0,0,0,0,0,0,0,0,0,0,0,0,0,0,0,0,0,0,0,0,0,0,0,0,0,0,0,0,0,0,0,0,0,0,0,0,0,0,0,0,0,0,0,0,0,0,0,0,0,0,0,0,0
"5",0.000497374381666386,0.00049531047382154,0.000485203559149798,0.000473412683532195,0.000474531808996355,0.000463865823186499,0.000459553574190925,0.000458826538852402,0,0,0,0,0,0,0,0,0,0,0,0,0,0,0,0,0,0,0,0,0,0,0,0,0,0,0,0,0,0,0,0,0,0,0,0,0,0,0,0,0,0,0,0,0,0,0,0,0,0,0,0,0,0,0,0,0,0,0,0,0,0,0,0,0,0,0,0,0,0,0,0,0
"6",0.000590029215938745,0.000586757290868224,0.000574933769577557,0.00056139079466769,0.000562424099060335,0.000549845662360824,0.000544904552118423,0.000543877073002072,0,0,0,0,0,0,0,0,0,0,0,0,0,0,0,0,0,0,0,0,0,0,0,0,0,0,0,0,0,0,0,0,0,0,0,0,0,0,0,0,0,0,0,0,0,0,0,0,0,0,0,0,0,0,0,0,0,0,0,0,0,0,0,0,0,0,0,0,0,0,0,0,0
"7",0.00069216371973977,0.000688635379672049,0.000674191862634903,0.000658632095516921,0.000660508413932768,0.000644973076737406,0.000639321408407169,0.000638118183948113,0,0,0,0,0,0,0,0,0,0,0,0,0,0,0,0,0,0,0,0,0,0,0,0,0,0,0,0,0,0,0,0,0,0,0,0,0,0,0,0,0,0,0,0,0,0,0,0,0,0,0,0,0,0,0,0,0,0,0,0,0,0,0,0,0,0,0,0,0,0,0,0,0
"8",0.000803693430052974,0.00079867605896192,0.000781900674442681,0.000764440000509955,0.000766015975069339,0.000748546074787212,0.00074189512697033,0.00074074307173091,0,0,0,0,0,0,0,0,0,0,0,0,0,0,0,0,0,0,0,0,0,0,0,0,0,0,0,0,0,0,0,0,0,0,0,0,0,0,0,0,0,0,0,0,0,0,0,0,0,0,0,0,0,0,0,0,0,0,0,0,0,0,0,0,0,0,0,0,0,0,0,0,0
"9",0.000921806111999367,0.000915947876616761,0.0008964375658461,0.00087722774498474,0.00087848357996016,0.000859276958044243,0.000850954415961917,0.00085037566468353,0,0,0,0,0,0,0,0,0,0,0,0,0,0,0,0,0,0,0,0,0,0,0,0,0,0,0,0,0,0,0,0,0,0,0,0,0,0,0,0,0,0,0,0,0,0,0,0,0,0,0,0,0,0,0,0,0,0,0,0,0,0,0,0,0,0,0,0,0,0,0,0,0
"10",0.00104616914081386,0.0010390427791904,0.0010166292135393,0.00099431558377157,0.000997115049693057,0.000975569112740753,0.000966244239868621,0.000964810300220168,0,0,0,0,0,0,0,0,0,0,0,0,0,0,0,0,0,0,0,0,0,0,0,0,0,0,0,0,0,0,0,0,0,0,0,0,0,0,0,0,0,0,0,0,0,0,0,0,0,0,0,0,0,0,0,0,0,0,0,0,0,0,0,0,0,0,0,0,0,0,0,0,0
"11",0.00117951967370215,0.00117021247069251,0.0011462322841156,0.00112050718623304,0.00112437412044219,0.00109989139266127,0.00108929295156177,0.00108752660776491,0,0,0,0,0,0,0,0,0,0,0,0,0,0,0,0,0,0,0,0,0,0,0,0,0,0,0,0,0,0,0,0,0,0,0,0,0,0,0,0,0,0,0,0,0,0,0,0,0,0,0,0,0,0,0,0,0,0,0,0,0,0,0,0,0,0,0,0,0,0,0,0,0
"12",0.00131799955297055,0.00130633652681376,0.00128020444464904,0.00125082928998629,0.00125559587176667,0.00122708949342184,0.00121607638240992,0.00121476891527536,0,0,0,0,0,0,0,0,0,0,0,0,0,0,0,0,0,0,0,0,0,0,0,0,0,0,0,0,0,0,0,0,0,0,0,0,0,0,0,0,0,0,0,0,0,0,0,0,0,0,0,0,0,0,0,0,0,0,0,0,0,0,0,0,0,0,0,0,0,0,0,0,0
"13",0.00146011214193905,0.00144675805777068,0.00141730440101861,0.00138505336141473,0.00138914133736404,0.00135852966594494,0.00134656772240384,0.00134549186130496,0,0,0,0,0,0,0,0,0,0,0,0,0,0,0,0,0,0,0,0,0,0,0,0,0,0,0,0,0,0,0,0,0,0,0,0,0,0,0,0,0,0,0,0,0,0,0,0,0,0,0,0,0,0,0,0,0,0,0,0,0,0,0,0,0,0,0,0,0,0,0,0,0
"14",0.00160337960961625,0.00158971889545004,0.00155646637489711,0.00152154131979542,0.00152660469292123,0.00149346979207597,0.00148096394349972,0.00147962770095419,0,0,0,0,0,0,0,0,0,0,0,0,0,0,0,0,0,0,0,0,0,0,0,0,0,0,0,0,0,0,0,0,0,0,0,0,0,0,0,0,0,0,0,0,0,0,0,0,0,0,0,0,0,0,0,0,0,0,0,0,0,0,0,0,0,0,0,0,0,0,0,0,0
"15",0.00174900681461688,0.00173359146507666,0.00169862627850076,0.00166005989687121,0.00166470441272415,0.00162773388224694,0.0016159182042384,0.00161229850226132,0,0,0,0,0,0,0,0,0,0,0,0,0,0,0,0,0,0,0,0,0,0,0,0,0,0,0,0,0,0,0,0,0,0,0,0,0,0,0,0,0,0,0,0,0,0,0,0,0,0,0,0,0,0,0,0,0,0,0,0,0,0,0,0,0,0,0,0,0,0,0,0,0
"16",0.00189614620070535,0.00187829015744549,0.00183791398235567,0.00179774097503172,0.00180297712643134,0.00176340522689516,0.001749479194183,0.0017470923711753,0,0,0,0,0,0,0,0,0,0,0,0,0,0,0,0,0,0,0,0,0,0,0,0,0,0,0,0,0,0,0,0,0,0,0,0,0,0,0,0,0,0,0,0,0,0,0,0,0,0,0,0,0,0,0,0,0,0,0,0,0,0,0,0,0,0,0,0,0,0,0,0,0
"17",0.00204086600332256,0.00202480542637114,0.00197750064056151,0.0019372620805533,0.00194076152945177,0.00189810943735815,0.0018848893550478,0.00188073775626878,0,0,0,0,0,0,0,0,0,0,0,0,0,0,0,0,0,0,0,0,0,0,0,0,0,0,0,0,0,0,0,0,0,0,0,0,0,0,0,0,0,0,0,0,0,0,0,0,0,0,0,0,0,0,0,0,0,0,0,0,0,0,0,0,0,0,0,0,0,0,0,0,0
"18",0.00218670982958242,0.00216738343040825,0.00211619648410243,0.00207404709440696,0.00207839705833343,0.00203133540936334,0.00201599851592158,0.00201102900364631,0,0,0,0,0,0,0,0,0,0,0,0,0,0,0,0,0,0,0,0,0,0,0,0,0,0,0,0,0,0,0,0,0,0,0,0,0,0,0,0,0,0,0,0,0,0,0,0,0,0,0,0,0,0,0,0,0,0,0,0,0,0,0,0,0,0,0,0,0,0,0,0,0
"19",0.00232698373330671,0.0023081557140356,0.00225432600971929,0.00220879441212004,0.00221337632923048,0.00216339896492774,0.00214595120963855,0.00214152679476407,0,0,0,0,0,0,0,0,0,0,0,0,0,0,0,0,0,0,0,0,0,0,0,0,0,0,0,0,0,0,0,0,0,0,0,0,0,0,0,0,0,0,0,0,0,0,0,0,0,0,0,0,0,0,0,0,0,0,0,0,0,0,0,0,0,0,0,0,0,0,0,0,0
"20",0.00246770234259598,0.00244575048725137,0.00238986586742203,0.00234193176860565,0.00234554257894737,0.00229161375407677,0.0022728735700503,0.0022695182973509,0,0,0,0,0,0,0,0,0,0,0,0,0,0,0,0,0,0,0,0,0,0,0,0,0,0,0,0,0,0,0,0,0,0,0,0,0,0,0,0,0,0,0,0,0,0,0,0,0,0,0,0,0,0,0,0,0,0,0,0,0,0,0,0,0,0,0,0,0,0,0,0,0
"21",0.00262007131124556,0.00259588132555017,0.00253399161631458,0.00248498761476485,0.002489773868698,0.00243292819100944,0.00241221833318319,0.00240751223425857,0,0,0,0,0,0,0,0,0,0,0,0,0,0,0,0,0,0,0,0,0,0,0,0,0,0,0,0,0,0,0,0,0,0,0,0,0,0,0,0,0,0,0,0,0,0,0,0,0,0,0,0,0,0,0,0,0,0,0,0,0,0,0,0,0,0,0,0,0,0,0,0,0
"22",0.00276777074206892,0.00274196941363133,0.00267785141617152,0.00262732369802427,0.00263066068564947,0.00257117725130063,0.00255209440998481,0.00254712132303475,0,0,0,0,0,0,0,0,0,0,0,0,0,0,0,0,0,0,0,0,0,0,0,0,0,0,0,0,0,0,0,0,0,0,0,0,0,0,0,0,0,0,0,0,0,0,0,0,0,0,0,0,0,0,0,0,0,0,0,0,0,0,0,0,0,0,0,0,0,0,0,0,0
"23",0.00291417742339769,0.00288869878977844,0.00281972568459354,0.00276608144717693,0.00276883955115423,0.00270946688231511,0.00268698547735094,0.00268270775269265,0,0,0,0,0,0,0,0,0,0,0,0,0,0,0,0,0,0,0,0,0,0,0,0,0,0,0,0,0,0,0,0,0,0,0,0,0,0,0,0,0,0,0,0,0,0,0,0,0,0,0,0,0,0,0,0,0,0,0,0,0,0,0,0,0,0,0,0,0,0,0,0,0
"24",0.00305955223817703,0.00302881220593746,0.00295892332695329,0.00290383959244311,0.00290355813841861,0.00284133457948307,0.00282136992151699,0.00281615082205008,0,0,0,0,0,0,0,0,0,0,0,0,0,0,0,0,0,0,0,0,0,0,0,0,0,0,0,0,0,0,0,0,0,0,0,0,0,0,0,0,0,0,0,0,0,0,0,0,0,0,0,0,0,0,0,0,0,0,0,0,0,0,0,0,0,0,0,0,0,0,0,0,0
"25",0.00323334856346329,0.00320362011894745,0.0031262151209083,0.00306844845155093,0.00307291756199989,0.00300469516471773,0.00298116536902792,0.00297577854578534,0,0,0,0,0,0,0,0,0,0,0,0,0,0,0,0,0,0,0,0,0,0,0,0,0,0,0,0,0,0,0,0,0,0,0,0,0,0,0,0,0,0,0,0,0,0,0,0,0,0,0,0,0,0,0,0,0,0,0,0,0,0,0,0,0,0,0,0,0,0,0,0,0
"26",0.00336452813415244,0.00333733355424651,0.00325530413760955,0.00319728827135312,0.00319785552652946,0.00312681654159853,0.00310529193848282,0.00309996298565763,0,0,0,0,0,0,0,0,0,0,0,0,0,0,0,0,0,0,0,0,0,0,0,0,0,0,0,0,0,0,0,0,0,0,0,0,0,0,0,0,0,0,0,0,0,0,0,0,0,0,0,0,0,0,0,0,0,0,0,0,0,0,0,0,0,0,0,0,0,0,0,0,0
"27",0.0034959591762249,0.00347013759958992,0.00338110705182094,0.00332474458231749,0.00331902002693554,0.00324640355791457,0.00322524030762051,0.003218440717721,0,0,0,0,0,0,0,0,0,0,0,0,0,0,0,0,0,0,0,0,0,0,0,0,0,0,0,0,0,0,0,0,0,0,0,0,0,0,0,0,0,0,0,0,0,0,0,0,0,0,0,0,0,0,0,0,0,0,0,0,0,0,0,0,0,0,0,0,0,0,0,0,0
"28",0.00362724593864202,0.00359650381563125,0.00350630715372327,0.00344904900901562,0.00344094996495704,0.00336863542016607,0.00334191034870622,0.00333664994237349,0,0,0,0,0,0,0,0,0,0,0,0,0,0,0,0,0,0,0,0,0,0,0,0,0,0,0,0,0,0,0,0,0,0,0,0,0,0,0,0,0,0,0,0,0,0,0,0,0,0,0,0,0,0,0,0,0,0,0,0,0,0,0,0,0,0,0,0,0,0,0,0,0
"29",0.0037597941516533,0.00372827721570863,0.00363280381856706,0.00357484106955949,0.00356423994744118,0.00349140307803289,0.00346263114618959,0.00345475440385105,0,0,0,0,0,0,0,0,0,0,0,0,0,0,0,0,0,0,0,0,0,0,0,0,0,0,0,0,0,0,0,0,0,0,0,0,0,0,0,0,0,0,0,0,0,0,0,0,0,0,0,0,0,0,0,0,0,0,0,0,0,0,0,0,0,0,0,0,0,0,0,0,0
"30",0.00389273958970471,0.00385964287999932,0.003763059034954,0.00370441076537174,0.00368956257476112,0.00361454507401562,0.00358718870329707,0.00357647869601709,0,0,0,0,0,0,0,0,0,0,0,0,0,0,0,0,0,0,0,0,0,0,0,0,0,0,0,0,0,0,0,0,0,0,0,0,0,0,0,0,0,0,0,0,0,0,0,0,0,0,0,0,0,0,0,0,0,0,0,0,0,0,0,0,0,0,0,0,0,0,0,0,0
"31",0.00405405891106798,0.00401776363960579,0.00391546938851677,0.00385655199739267,0.00383503859430766,0.00375996804743254,0.00373363562933271,0.00371956903484036,0,0,0,0,0,0,0,0,0,0,0,0,0,0,0,0,0,0,0,0,0,0,0,0,0,0,0,0,0,0,0,0,0,0,0,0,0,0,0,0,0,0,0,0,0,0,0,0,0,0,0,0,0,0,0,0,0,0,0,0,0,0,0,0,0,0,0,0,0,0,0,0,0
"32",0.00422952905928746,0.00418716062283816,0.00407979336746521,0.00401839250286818,0.00399482320613976,0.00391715082947071,0.0038901032792602,0.00387248177707559,0,0,0,0,0,0,0,0,0,0,0,0,0,0,0,0,0,0,0,0,0,0,0,0,0,0,0,0,0,0,0,0,0,0,0,0,0,0,0,0,0,0,0,0,0,0,0,0,0,0,0,0,0,0,0,0,0,0,0,0,0,0,0,0,0,0,0,0,0,0,0,0,0
"33",0.00440947728854956,0.00436592312849507,0.00425368044992398,0.00418857322811732,0.00416616197122897,0.0040831869419498,0.00405501864661232,0.00403915434937885,0,0,0,0,0,0,0,0,0,0,0,0,0,0,0,0,0,0,0,0,0,0,0,0,0,0,0,0,0,0,0,0,0,0,0,0,0,0,0,0,0,0,0,0,0,0,0,0,0,0,0,0,0,0,0,0,0,0,0,0,0,0,0,0,0,0,0,0,0,0,0,0,0
"34",0.00460356329692011,0.00456056999722943,0.00443779584151378,0.00436849884337933,0.00434976811067058,0.00425909501586627,0.0042317537475846,0.00421252338816818,0,0,0,0,0,0,0,0,0,0,0,0,0,0,0,0,0,0,0,0,0,0,0,0,0,0,0,0,0,0,0,0,0,0,0,0,0,0,0,0,0,0,0,0,0,0,0,0,0,0,0,0,0,0,0,0,0,0,0,0,0,0,0,0,0,0,0,0,0,0,0,0,0
"35",0.00481086988987983,0.00475555067060246,0.00463212366557073,0.00455980792552203,0.00454060930164419,0.00444047128384822,0.00441398093404085,0.00440232770933124,0,0,0,0,0,0,0,0,0,0,0,0,0,0,0,0,0,0,0,0,0,0,0,0,0,0,0,0,0,0,0,0,0,0,0,0,0,0,0,0,0,0,0,0,0,0,0,0,0,0,0,0,0,0,0,0,0,0,0,0,0,0,0,0,0,0,0,0,0,0,0,0,0
"36",0.00502047560176239,0.0049641540692157,0.00484734357746392,0.00476201923964515,0.00473774991275886,0.00463544964386992,0.00460512381584582,0.0045938266051503,0,0,0,0,0,0,0,0,0,0,0,0,0,0,0,0,0,0,0,0,0,0,0,0,0,0,0,0,0,0,0,0,0,0,0,0,0,0,0,0,0,0,0,0,0,0,0,0,0,0,0,0,0,0,0,0,0,0,0,0,0,0,0,0,0,0,0,0,0,0,0,0,0
"37",0.00524049275742746,0.00518285450910106,0.00506031565196035,0.00496878037549476,0.00493930149718658,0.00483598033512076,0.00480113183335231,0.00479187425126461,0,0,0,0,0,0,0,0,0,0,0,0,0,0,0,0,0,0,0,0,0,0,0,0,0,0,0,0,0,0,0,0,0,0,0,0,0,0,0,0,0,0,0,0,0,0,0,0,0,0,0,0,0,0,0,0,0,0,0,0,0,0,0,0,0,0,0,0,0,0,0,0,0
"38",0.00546479573523855,0.00540244257497876,0.00527942753757639,0.0051804170979706,0.00514708462031365,0.00504487800765393,0.0049998956249772,0.00499726666443884,0,0,0,0,0,0,0,0,0,0,0,0,0,0,0,0,0,0,0,0,0,0,0,0,0,0,0,0,0,0,0,0,0,0,0,0,0,0,0,0,0,0,0,0,0,0,0,0,0,0,0,0,0,0,0,0,0,0,0,0,0,0,0,0,0,0,0,0,0,0,0,0,0
"39",0.00569281497555854,0.00562348198383507,0.0055093284709812,0.00539341833793041,0.00536849112167412,0.00525737873536534,0.00520837073666242,0.00520359699273693,0,0,0,0,0,0,0,0,0,0,0,0,0,0,0,0,0,0,0,0,0,0,0,0,0,0,0,0,0,0,0,0,0,0,0,0,0,0,0,0,0,0,0,0,0,0,0,0,0,0,0,0,0,0,0,0,0,0,0,0,0,0,0,0,0,0,0,0,0,0,0,0,0
"40",0.00593126591236705,0.00585316983424627,0.00574298667836071,0.0056146954732688,0.00559070307171363,0.00547360432257884,0.0054237915026246,0.00542151942504433,0,0,0,0,0,0,0,0,0,0,0,0,0,0,0,0,0,0,0,0,0,0,0,0,0,0,0,0,0,0,0,0,0,0,0,0,0,0,0,0,0,0,0,0,0,0,0,0,0,0,0,0,0,0,0,0,0,0,0,0,0,0,0,0,0,0,0,0,0,0,0,0,0
"41",0.00617241473005958,0.00610089423846284,0.00597479961177446,0.005846194257224,0.00582969273683676,0.00570738175163089,0.00564984640293156,0.00564942473746199,0,0,0,0,0,0,0,0,0,0,0,0,0,0,0,0,0,0,0,0,0,0,0,0,0,0,0,0,0,0,0,0,0,0,0,0,0,0,0,0,0,0,0,0,0,0,0,0,0,0,0,0,0,0,0,0,0,0,0,0,0,0,0,0,0,0,0,0,0,0,0,0,0
"42",0.00643382557893996,0.00634774420718555,0.00622254768916989,0.00608618006457445,0.00607121672734568,0.00595106229318743,0.00587997477541309,0.00588456431463045,0,0,0,0,0,0,0,0,0,0,0,0,0,0,0,0,0,0,0,0,0,0,0,0,0,0,0,0,0,0,0,0,0,0,0,0,0,0,0,0,0,0,0,0,0,0,0,0,0,0,0,0,0,0,0,0,0,0,0,0,0,0,0,0,0,0,0,0,0,0,0,0,0
"43",0.00670920794554,0.00661461034195256,0.00648539935253957,0.0063446474964541,0.00632027820391731,0.00619698052657609,0.0061185440965921,0.00613221742211803,0,0,0,0,0,0,0,0,0,0,0,0,0,0,0,0,0,0,0,0,0,0,0,0,0,0,0,0,0,0,0,0,0,0,0,0,0,0,0,0,0,0,0,0,0,0,0,0,0,0,0,0,0,0,0,0,0,0,0,0,0,0,0,0,0,0,0,0,0,0,0,0,0
"44",0.00699959475335721,0.00689488095008817,0.00677067897513357,0.00660983598015499,0.00658474550112694,0.00645883730495538,0.00636945666642422,0.00638920183953461,0,0,0,0,0,0,0,0,0,0,0,0,0,0,0,0,0,0,0,0,0,0,0,0,0,0,0,0,0,0,0,0,0,0,0,0,0,0,0,0,0,0,0,0,0,0,0,0,0,0,0,0,0,0,0,0,0,0,0,0,0,0,0,0,0,0,0,0,0,0,0,0,0
"45",0.0072914867320247,0.00718737074752193,0.00705334285179384,0.00689634417706342,0.00685535635608923,0.00673294220832738,0.00665598269449768,0.00665239111942843,0,0,0,0,0,0,0,0,0,0,0,0,0,0,0,0,0,0,0,0,0,0,0,0,0,0,0,0,0,0,0,0,0,0,0,0,0,0,0,0,0,0,0,0,0,0,0,0,0,0,0,0,0,0,0,0,0,0,0,0,0,0,0,0,0,0,0,0,0,0,0,0,0
"46",0.0075945607921379,0.00747766312905907,0.00734605514141847,0.00718521781170563,0.00713909803740493,0.00702787672972927,0.00694781689198464,0.00691673649174571,0,0,0,0,0,0,0,0,0,0,0,0,0,0,0,0,0,0,0,0,0,0,0,0,0,0,0,0,0,0,0,0,0,0,0,0,0,0,0,0,0,0,0,0,0,0,0,0,0,0,0,0,0,0,0,0,0,0,0,0,0,0,0,0,0,0,0,0,0,0,0,0,0
"47",0.00789840506456754,0.00779179630090145,0.00766172172949622,0.00747598150766172,0.00743311906620724,0.0073042010906373,0.00724307663538159,0.00718411701918509,0,0,0,0,0,0,0,0,0,0,0,0,0,0,0,0,0,0,0,0,0,0,0,0,0,0,0,0,0,0,0,0,0,0,0,0,0,0,0,0,0,0,0,0,0,0,0,0,0,0,0,0,0,0,0,0,0,0,0,0,0,0,0,0,0,0,0,0,0,0,0,0,0
"48",0.00820506381589373,0.00811089502129824,0.00795819919343992,0.00777057276388374,0.00772228187250344,0.00760747313442779,0.00753929778510955,0.00746841496586791,0,0,0,0,0,0,0,0,0,0,0,0,0,0,0,0,0,0,0,0,0,0,0,0,0,0,0,0,0,0,0,0,0,0,0,0,0,0,0,0,0,0,0,0,0,0,0,0,0,0,0,0,0,0,0,0,0,0,0,0,0,0,0,0,0,0,0,0,0,0,0,0,0
"49",0.00855008001751272,0.00844620180195003,0.00827848179675375,0.00808797822884753,0.00801540034942703,0.00790748769882221,0.0078535305994002,0.00775458568314437,0,0,0,0,0,0,0,0,0,0,0,0,0,0,0,0,0,0,0,0,0,0,0,0,0,0,0,0,0,0,0,0,0,0,0,0,0,0,0,0,0,0,0,0,0,0,0,0,0,0,0,0,0,0,0,0,0,0,0,0,0,0,0,0,0,0,0,0,0,0,0,0,0
"50",0.00886563125013692,0.00875980577582812,0.00858712764669401,0.00840740476310776,0.00830509304528437,0.00819708990148887,0.00814539386185674,0.00804220002930743,0,0,0,0,0,0,0,0,0,0,0,0,0,0,0,0,0,0,0,0,0,0,0,0,0,0,0,0,0,0,0,0,0,0,0,0,0,0,0,0,0,0,0,0,0,0,0,0,0,0,0,0,0,0,0,0,0,0,0,0,0,0,0,0,0,0,0,0,0,0,0,0,0
"51",0.00919265889089437,0.00905543332964468,0.00888340659273053,0.00870413815554417,0.00859183327767619,0.00846737025344611,0.00843377865097922,0.00833704148585635,0,0,0,0,0,0,0,0,0,0,0,0,0,0,0,0,0,0,0,0,0,0,0,0,0,0,0,0,0,0,0,0,0,0,0,0,0,0,0,0,0,0,0,0,0,0,0,0,0,0,0,0,0,0,0,0,0,0,0,0,0,0,0,0,0,0,0,0,0,0,0,0,0
"52",0.00948927031960643,0.00934225392654234,0.00916851163322087,0.0089586000343306,0.00887706022389831,0.00873151128947369,0.00869707942901444,0.00859470121292812,0,0,0,0,0,0,0,0,0,0,0,0,0,0,0,0,0,0,0,0,0,0,0,0,0,0,0,0,0,0,0,0,0,0,0,0,0,0,0,0,0,0,0,0,0,0,0,0,0,0,0,0,0,0,0,0,0,0,0,0,0,0,0,0,0,0,0,0,0,0,0,0,0
"53",0.00977152666122574,0.00961928068509443,0.00941914813504858,0.00920132564900323,0.0090893836673676,0.00893469013521258,0.00893662196668528,0.00878821244282685,0,0,0,0,0,0,0,0,0,0,0,0,0,0,0,0,0,0,0,0,0,0,0,0,0,0,0,0,0,0,0,0,0,0,0,0,0,0,0,0,0,0,0,0,0,0,0,0,0,0,0,0,0,0,0,0,0,0,0,0,0,0,0,0,0,0,0,0,0,0,0,0,0
"54",0.0099729297809432,0.00982756970694994,0.00960326861367655,0.0093991910182479,0.00929017560422729,0.00913232806259542,0.00910392062046255,0.00894768001044159,0,0,0,0,0,0,0,0,0,0,0,0,0,0,0,0,0,0,0,0,0,0,0,0,0,0,0,0,0,0,0,0,0,0,0,0,0,0,0,0,0,0,0,0,0,0,0,0,0,0,0,0,0,0,0,0,0,0,0,0,0,0,0,0,0,0,0,0,0,0,0,0,0
"55",0.0101279599013809,0.00992873130992224,0.00970972024046977,0.0095487997925574,0.00941365244740543,0.00928622340587003,0.00923509858892255,0.00909052718415796,0,0,0,0,0,0,0,0,0,0,0,0,0,0,0,0,0,0,0,0,0,0,0,0,0,0,0,0,0,0,0,0,0,0,0,0,0,0,0,0,0,0,0,0,0,0,0,0,0,0,0,0,0,0,0,0,0,0,0,0,0,0,0,0,0,0,0,0,0,0,0,0,0
"56",0.0102436577099835,0.00999201417999438,0.00975303317209027,0.00961473492293588,0.00943774196081965,0.00935142706028321,0.009280838631013,0.00913258270507117,0,0,0,0,0,0,0,0,0,0,0,0,0,0,0,0,0,0,0,0,0,0,0,0,0,0,0,0,0,0,0,0,0,0,0,0,0,0,0,0,0,0,0,0,0,0,0,0,0,0,0,0,0,0,0,0,0,0,0,0,0,0,0,0,0,0,0,0,0,0,0,0,0
"57",0.0102106555989305,0.0100172969822785,0.00975632,0.00961587029474353,0.00943885122967864,0.00935040291388348,0.00932964040049674,0.00909147168186423,0,0,0,0,0,0,0,0,0,0,0,0,0,0,0,0,0,0,0,0,0,0,0,0,0,0,0,0,0,0,0,0,0,0,0,0,0,0,0,0,0,0,0,0,0,0,0,0,0,0,0,0,0,0,0,0,0,0,0,0,0,0,0,0,0,0,0,0,0,0,0,0,0
"58",0.0102050277106282,0.00997504842079562,0.00971315347810725,0.00958339688310591,0.00937173805698627,0.00927352826455027,0.00926774888030888,0.00902568818258127,0,0,0,0,0,0,0,0,0,0,0,0,0,0,0,0,0,0,0,0,0,0,0,0,0,0,0,0,0,0,0,0,0,0,0,0,0,0,0,0,0,0,0,0,0,0,0,0,0,0,0,0,0,0,0,0,0,0,0,0,0,0,0,0,0,0,0,0,0,0,0,0,0
"59",0.010164477312733,0.00986860269233678,0.00957377475319847,0.00959395891638705,0.00929421167395113,0.00918952531495649,0.00916365474437933,0.00898415276118728,0,0,0,0,0,0,0,0,0,0,0,0,0,0,0,0,0,0,0,0,0,0,0,0,0,0,0,0,0,0,0,0,0,0,0,0,0,0,0,0,0,0,0,0,0,0,0,0,0,0,0,0,0,0,0,0,0,0,0,0,0,0,0,0,0,0,0,0,0,0,0,0,0
"60",0.0101618668356246,0.00971776095211268,0.00948145228820961,0.00958850666384554,0.00917280952187575,0.00912708111680112,0.00899184172413793,0.00888049085918579,0,0,0,0,0,0,0,0,0,0,0,0,0,0,0,0,0,0,0,0,0,0,0,0,0,0,0,0,0,0,0,0,0,0,0,0,0,0,0,0,0,0,0,0,0,0,0,0,0,0,0,0,0,0,0,0,0,0,0,0,0,0,0,0,0,0,0,0,0,0,0,0,0
"61",0.0101060438300349,0.0096049117834465,0.00951733674293405,0.00962598050226718,0.00917319598045397,0.00908435892441684,0.00897913859795798,0.00888953507957053,0,0,0,0,0,0,0,0,0,0,0,0,0,0,0,0,0,0,0,0,0,0,0,0,0,0,0,0,0,0,0,0,0,0,0,0,0,0,0,0,0,0,0,0,0,0,0,0,0,0,0,0,0,0,0,0,0,0,0,0,0,0,0,0,0,0,0,0,0,0,0,0,0
"62",0.0103150283306581,0.00984880288959921,0.00971609814527181,0.00983510039558418,0.00933537737147849,0.00926997369612281,0.00915431071914133,0.0091025969135901,0,0,0,0,0,0,0,0,0,0,0,0,0,0,0,0,0,0,0,0,0,0,0,0,0,0,0,0,0,0,0,0,0,0,0,0,0,0,0,0,0,0,0,0,0,0,0,0,0,0,0,0,0,0,0,0,0,0,0,0,0,0,0,0,0,0,0,0,0,0,0,0,0
"63",0.010466820474991,0.010076062127285,0.00995513010341586,0.00991864044219836,0.00948127861379903,0.00940714327782183,0.00930717921582161,0.00929889587848933,0,0,0,0,0,0,0,0,0,0,0,0,0,0,0,0,0,0,0,0,0,0,0,0,0,0,0,0,0,0,0,0,0,0,0,0,0,0,0,0,0,0,0,0,0,0,0,0,0,0,0,0,0,0,0,0,0,0,0,0,0,0,0,0,0,0,0,0,0,0,0,0,0
"64",0.010654067025,0.0101045108462929,0.0101573421130221,0.01008552195734,0.00959026519134651,0.00939509368683511,0.00943621770476835,0.00956886382334869,0,0,0,0,0,0,0,0,0,0,0,0,0,0,0,0,0,0,0,0,0,0,0,0,0,0,0,0,0,0,0,0,0,0,0,0,0,0,0,0,0,0,0,0,0,0,0,0,0,0,0,0,0,0,0,0,0,0,0,0,0,0,0,0,0,0,0,0,0,0,0,0,0
"65",0.010842034912892,0.0102440983833828,0.0102941529462366,0.0101741555987055,0.00982469430777256,0.00951530027272727,0.00960013028668171,0.00961134952532274,0,0,0,0,0,0,0,0,0,0,0,0,0,0,0,0,0,0,0,0,0,0,0,0,0,0,0,0,0,0,0,0,0,0,0,0,0,0,0,0,0,0,0,0,0,0,0,0,0,0,0,0,0,0,0,0,0,0,0,0,0,0,0,0,0,0,0,0,0,0,0,0,0
"66",0.0109070798139535,0.01041948479,0.0104501249605735,0.0102687649396735,0.00992192743450251,0.00963887560094451,0.00980944349904153,0.00962749074195507,0,0,0,0,0,0,0,0,0,0,0,0,0,0,0,0,0,0,0,0,0,0,0,0,0,0,0,0,0,0,0,0,0,0,0,0,0,0,0,0,0,0,0,0,0,0,0,0,0,0,0,0,0,0,0,0,0,0,0,0,0,0,0,0,0,0,0,0,0,0,0,0,0
"67",0.0109196121383648,0.0104471003329949,0.0105146779712919,0.0103458991940019,0.00998557094736842,0.00973068297898141,0.00992954063589744,0.00972889492913386,0,0,0,0,0,0,0,0,0,0,0,0,0,0,0,0,0,0,0,0,0,0,0,0,0,0,0,0,0,0,0,0,0,0,0,0,0,0,0,0,0,0,0,0,0,0,0,0,0,0,0,0,0,0,0,0,0,0,0,0,0,0,0,0,0,0,0,0,0,0,0,0,0
"68",0.010830281023622,0.010530770102069,0.010572595943662,0.0104496093,0.0100647248634146,0.0100620357580111,0.00997604902295082,0.00977108656530612,0,0,0,0,0,0,0,0,0,0,0,0,0,0,0,0,0,0,0,0,0,0,0,0,0,0,0,0,0,0,0,0,0,0,0,0,0,0,0,0,0,0,0,0,0,0,0,0,0,0,0,0,0,0,0,0,0,0,0,0,0,0,0,0,0,0,0,0,0,0,0,0,0
"69",0.0110179144318182,0.010843640808,0.0105682180571429,0.0105418504918033,0.0100688872806452,0.0101677780057143,0.00992827411285714,0.00980610838095238,0,0,0,0,0,0,0,0,0,0,0,0,0,0,0,0,0,0,0,0,0,0,0,0,0,0,0,0,0,0,0,0,0,0,0,0,0,0,0,0,0,0,0,0,0,0,0,0,0,0,0,0,0,0,0,0,0,0,0,0,0,0,0,0,0,0,0,0,0,0,0,0,0
"70",0.0109425525,0.0107737569789474,0.010620023047619,0.010607057814433,0.010157630016,0.010257493694,0.0102680477030303,0.00994738282372881,0,0,0,0,0,0,0,0,0,0,0,0,0,0,0,0,0,0,0,0,0,0,0,0,0,0,0,0,0,0,0,0,0,0,0,0,0,0,0,0,0,0,0,0,0,0,0,0,0,0,0,0,0,0,0,0,0,0,0,0,0,0,0,0,0,0,0,0,0,0,0,0,0
"71",0.0110440604081633,0.010856167154717,0.010879048,0.010717548,0.0102948952864865,0.0103234490630137,0.0103728237,0.0100676046044444,0,0,0,0,0,0,0,0,0,0,0,0,0,0,0,0,0,0,0,0,0,0,0,0,0,0,0,0,0,0,0,0,0,0,0,0,0,0,0,0,0,0,0,0,0,0,0,0,0,0,0,0,0,0,0,0,0,0,0,0,0,0,0,0,0,0,0,0,0,0,0,0,0
"72",0.0109991658536585,0.0110649396,0.010879048,0.010717548,0.0105808646,0.0104668303,0.0103728237,0.0102964138,0,0,0,0,0,0,0,0,0,0,0,0,0,0,0,0,0,0,0,0,0,0,0,0,0,0,0,0,0,0,0,0,0,0,0,0,0,0,0,0,0,0,0,0,0,0,0,0,0,0,0,0,0,0,0,0,0,0,0,0,0,0,0,0,0,0,0,0,0,0,0,0,0
"73",0.011274145,0.0110649396,0.010879048,0.010717548,0.0105808646,0.0104668303,0.0103728237,0.0102964138,0,0,0,0,0,0,0,0,0,0,0,0,0,0,0,0,0,0,0,0,0,0,0,0,0,0,0,0,0,0,0,0,0,0,0,0,0,0,0,0,0,0,0,0,0,0,0,0,0,0,0,0,0,0,0,0,0,0,0,0,0,0,0,0,0,0,0,0,0,0,0,0,0
"74",0.011274145,0.0110649396,0.010879048,0.010717548,0.0105808646,0.0104668303,0.0103728237,0.0102964138,0,0,0,0,0,0,0,0,0,0,0,0,0,0,0,0,0,0,0,0,0,0,0,0,0,0,0,0,0,0,0,0,0,0,0,0,0,0,0,0,0,0,0,0,0,0,0,0,0,0,0,0,0,0,0,0,0,0,0,0,0,0,0,0,0,0,0,0,0,0,0,0,0
"75",0.011274145,0.0110649396,0.010879048,0.010717548,0.0105808646,0.0104668303,0.0103728237,0.0102964138,0,0,0,0,0,0,0,0,0,0,0,0,0,0,0,0,0,0,0,0,0,0,0,0,0,0,0,0,0,0,0,0,0,0,0,0,0,0,0,0,0,0,0,0,0,0,0,0,0,0,0,0,0,0,0,0,0,0,0,0,0,0,0,0,0,0,0,0,0,0,0,0,0
"76",0.011274145,0.0110649396,0.010879048,0.010717548,0.0105808646,0.0104668303,0.0103728237,0.0102964138,0,0,0,0,0,0,0,0,0,0,0,0,0,0,0,0,0,0,0,0,0,0,0,0,0,0,0,0,0,0,0,0,0,0,0,0,0,0,0,0,0,0,0,0,0,0,0,0,0,0,0,0,0,0,0,0,0,0,0,0,0,0,0,0,0,0,0,0,0,0,0,0,0
"77",0.011274145,0.0110649396,0.010879048,0.010717548,0.0105808646,0.0104668303,0.0103728237,0.0102964138,0,0,0,0,0,0,0,0,0,0,0,0,0,0,0,0,0,0,0,0,0,0,0,0,0,0,0,0,0,0,0,0,0,0,0,0,0,0,0,0,0,0,0,0,0,0,0,0,0,0,0,0,0,0,0,0,0,0,0,0,0,0,0,0,0,0,0,0,0,0,0,0,0
"78",0.011274145,0.0110649396,0.010879048,0.010717548,0.0105808646,0.0104668303,0.0103728237,0.0102964138,0,0,0,0,0,0,0,0,0,0,0,0,0,0,0,0,0,0,0,0,0,0,0,0,0,0,0,0,0,0,0,0,0,0,0,0,0,0,0,0,0,0,0,0,0,0,0,0,0,0,0,0,0,0,0,0,0,0,0,0,0,0,0,0,0,0,0,0,0,0,0,0,0
"79",0.011274145,0.0110649396,0.010879048,0.010717548,0.0105808646,0.0104668303,0.0103728237,0.0102964138,0,0,0,0,0,0,0,0,0,0,0,0,0,0,0,0,0,0,0,0,0,0,0,0,0,0,0,0,0,0,0,0,0,0,0,0,0,0,0,0,0,0,0,0,0,0,0,0,0,0,0,0,0,0,0,0,0,0,0,0,0,0,0,0,0,0,0,0,0,0,0,0,0
"80",0.011274145,0.0110649396,0.010879048,0.010717548,0.0105808646,0.0104668303,0.0103728237,0.0102964138,0,0,0,0,0,0,0,0,0,0,0,0,0,0,0,0,0,0,0,0,0,0,0,0,0,0,0,0,0,0,0,0,0,0,0,0,0,0,0,0,0,0,0,0,0,0,0,0,0,0,0,0,0,0,0,0,0,0,0,0,0,0,0,0,0,0,0,0,0,0,0,0,0
"81",0.011274145,NA,0.010879048,0.010717548,0.0105808646,0.0104668303,0.0103728237,0.0102964138,0,0,0,0,0,0,0,0,0,0,0,0,0,0,0,0,0,0,0,0,0,0,0,0,0,0,0,0,0,0,0,0,0,0,0,0,0,0,0,0,0,0,0,0,0,0,0,0,0,0,0,0,0,0,0,0,0,0,0,0,0,0,0,0,0,0,0,0,0,0,0,0,0
